101,2013,277,1158,1002,7.6,0.167,89.2,15.35,99.6,0.75,15.3,15.35,0.067,0.101,13.59,0
101,2013,277,1159,1002,3.6,0.396,77.5,15.3,99.6,0.75,15.25,15.3,0.068,0.102,13.59,0
101,2013,277,1200,1002,0.0,0.125,79.3,15.29,99.6,0.5,15.24,15.29,0.067,0.101,13.59,0
101,2013,277,1201,1002,0.0,0.042,79.7,15.33,99.6,0.25,15.28,15.33,0.067,0.1,13.59,0
101,2013,277,1202,1002,0.0,0.063,43.71,15.32,99.6,0.5,15.27,15.32,0.068,0.102,13.59,0
101,2013,277,1203,1002,0.0,0.042,44.6,15.37,99.6,0.25,15.32,15.37,0.071,0.107,13.59,0
101,2013,277,1204,1002,0.0,0,0.0,15.4,99.6,0.0,15.35,15.4,0.074,0.112,13.59,0
101,2013,277,1205,1002,0.0,0.083,110.3,15.41,99.6,0.25,15.37,15.41,0.077,0.116,13.59,0
101,2013,277,1206,1002,0.0,0,0.0,15.36,99.6,0.0,15.31,15.36,0.078,0.116,13.59,0
101,2013,277,1207,1002,0.0,0,0.0,15.38,99.6,0.0,15.34,15.38,0.076,0.114,13.59,0
101,2013,277,1208,1002,0.0,0.021,114.9,15.41,99.6,0.25,15.36,15.41,0.076,0.114,13.59,0
101,2013,277,1209,1002,0.0,0.021,65.12,15.31,99.6,0.25,15.26,15.31,0.073,0.11,13.58,0
101,2013,277,1210,1002,0.0,0,0.0,15.33,99.6,0.0,15.28,15.33,0.067,0.101,13.59,0
101,2013,277,1211,1002,0.0,0,0.0,15.41,99.6,0.0,15.36,15.41,0.061,0.092,13.58,0
101,2013,277,1212,1002,0.0,0,0.0,15.42,99.6,0.0,15.37,15.42,0.057,0.086,13.59,0
101,2013,277,1213,1002,0.0,0,0.0,15.41,99.6,0.0,15.36,15.41,0.055,0.083,13.59,0
101,2013,277,1214,1002,0.0,0.042,65.12,15.41,99.6,0.25,15.36,15.41,0.054,0.082,13.59,0
101,2013,277,1215,1002,0.0,0.021,65.12,15.3,99.6,0.25,15.25,15.3,0.054,0.081,13.58,0
101,2013,277,1216,1003,0.0,0,0.0,15.34,99.6,0.0,15.3,15.35,0.053,0.08,13.58,0
101,2013,277,1217,1002,0.0,0.021,65.12,15.34,99.6,0.25,15.29,15.34,0.053,0.08,13.58,0
101,2013,277,1218,1002,0.0,0,0.0,15.3,99.6,0.0,15.25,15.3,0.055,0.083,13.58,0
101,2013,277,1219,1002,0.0,0.021,65.12,15.31,99.6,0.25,15.27,15.32,0.059,0.089,13.58,0
101,2013,277,1220,1003,0.0,0.021,65.12,15.31,99.6,0.25,15.26,15.31,0.063,0.095,13.58,0
101,2013,277,1221,1003,0.0,0,0.0,15.42,99.6,0.0,15.37,15.42,0.065,0.097,13.58,0
101,2013,277,1222,1003,0.0,0.354,172.8,15.38,99.6,0.5,15.33,15.38,0.061,0.092,13.58,0
101,2013,277,1223,1003,0.0,0.063,191.7,15.3,99.6,0.25,15.25,15.3,0.059,0.089,13.58,0
101,2013,277,1224,1003,0.0,0.271,214.4,15.39,99.6,0.75,15.35,15.39,0.058,0.087,13.58,0
101,2013,277,1225,1003,0.0,0.458,229,15.37,99.6,0.75,15.32,15.37,0.058,0.088,13.58,0
101,2013,277,1226,1003,0.0,0.125,229.7,15.29,99.6,0.25,15.24,15.29,0.061,0.092,13.58,0
101,2013,277,1227,1003,0.0,0.063,229.7,15.29,99.6,0.25,15.24,15.29,0.065,0.098,13.58,0
101,2013,277,1228,1003,0.0,0,0.0,15.34,99.6,0.0,15.3,15.35,0.067,0.101,13.58,0
101,2013,277,1229,1003,0.0,0,0.0,15.41,99.6,0.0,15.37,15.41,0.068,0.102,13.58,0
101,2013,277,1230,1003,0.0,0.021,234.7,15.42,99.6,0.25,15.37,15.42,0.071,0.106,13.58,0
101,2013,277,1231,1003,0.0,0.042,234.7,15.41,99.6,0.25,15.37,15.41,0.079,0.118,13.58,0
101,2013,277,1232,1003,0.0,0.625,310.4,15.41,99.6,1.25,15.36,15.41,0.087,0.131,13.58,0
101,2013,277,1233,1003,0.0,1.104,312.4,15.31,99.6,1.5,15.27,15.32,0.087,0.131,13.58,0
101,2013,277,1234,1003,0.0,0.667,300.3,15.34,99.6,1.25,15.3,15.35,0.082,0.123,13.58,0
101,2013,277,1235,1003,0.0,0.833,309.7,15.4,99.6,1.5,15.36,15.4,0.076,0.114,13.58,0
101,2013,277,1236,1003,0.0,0.958,310.2,15.41,99.6,1.25,15.37,15.41,0.073,0.109,13.58,0
101,2013,277,1237,1003,0.0,0.979,292.2,15.42,99.6,1.5,15.37,15.42,0.072,0.108,13.58,0
101,2013,277,1238,1003,0.0,1.125,302.8,15.41,99.6,1.5,15.37,15.41,0.07,0.105,13.58,0
101,2013,277,1239,1003,0.0,0.667,278.2,15.43,99.6,1.25,15.39,15.43,0.066,0.1,13.58,0
101,2013,277,1240,1003,0.0,1.688,235.3,15.42,99.6,2.5,15.38,15.42,0.06,0.091,13.58,0
101,2013,277,1241,1003,0.0,1.229,255.8,15.4,99.6,2.25,15.36,15.4,0.057,0.085,13.58,0
101,2013,277,1242,1003,0.0,0.479,268.6,15.42,99.6,1,15.37,15.42,0.05,0.076,13.58,0
101,2013,277,1243,1003,0.0,1.167,257.3,15.46,99.6,2.5,15.41,15.46,0.039,0.058,13.58,0
101,2013,277,1244,1003,0.0,2.313,264.9,15.37,99.6,3.5,15.32,15.37,0.039,0.059,13.58,0
101,2013,277,1245,1003,0.0,2.813,315.2,15.26,99.6,3.5,15.21,15.26,0.04,0.061,13.58,0
101,2013,277,1246,1003,0.0,2.146,316.3,15.29,99.6,3,15.24,15.29,0.04,0.06,13.58,0
101,2013,277,1247,1003,0.0,2.604,316.1,15.22,99.6,3,15.16,15.22,0.041,0.061,13.58,0
101,2013,277,1248,1003,0.0,2.104,310.3,15.21,99.6,2.75,15.16,15.21,0.042,0.062,13.58,0
101,2013,277,1249,1003,0.0,2.542,316.1,15.13,99.6,3,15.08,15.13,0.043,0.064,13.58,0
101,2013,277,1250,1003,0.0,2.104,313.4,15.12,99.6,3,15.07,15.12,0.044,0.067,13.59,0
101,2013,277,1251,1003,0.0,1.583,311.2,15.18,99.6,2.5,15.12,15.18,0.046,0.069,13.59,0
101,2013,277,1252,1003,0.0,1.396,305.3,15.19,99.6,1.75,15.14,15.19,0.047,0.071,13.59,0
101,2013,277,1253,1003,0.0,1.917,319.9,15.13,99.6,2.5,15.07,15.13,0.048,0.073,13.59,0
101,2013,277,1254,1003,0.0,0.979,320.4,15.12,99.6,1.5,15.07,15.12,0.048,0.073,13.58,0
101,2013,277,1255,1003,0.0,2.063,308.4,15.13,99.6,3.25,15.08,15.13,0.049,0.074,13.59,0
101,2013,277,1256,1003,0.0,1.646,304.1,15.15,99.6,2.25,15.09,15.15,0.052,0.078,13.59,0
101,2013,277,1257,1003,0.0,0.708,316.8,15.14,99.6,1.25,15.08,15.14,0.056,0.085,13.58,0
101,2013,277,1258,1003,0.0,1.396,312.5,15.13,99.6,1.75,15.08,15.13,0.061,0.092,13.59,0
101,2013,277,1259,1003,0.0,1.646,309.8,15.14,99.6,2.25,15.09,15.14,0.066,0.099,13.59,0
101,2013,277,1300,1003,0.0,1.771,313.9,15.15,99.6,2.25,15.1,15.15,0.069,0.104,13.59,0
101,2013,277,1301,1003,0.0,1.625,307.6,15.14,99.6,2.25,15.09,15.14,0.071,0.107,13.59,0
101,2013,277,1302,1003,0.0,1.333,306.1,15.14,99.6,2.5,15.09,15.14,0.073,0.109,13.59,0
101,2013,277,1303,1003,0.0,2.25,315.6,15.11,99.6,3.25,15.06,15.11,0.073,0.11,13.58,0
101,2013,277,1304,1003,0.0,1.875,308.3,15.03,99.6,2.25,14.97,15.03,0.074,0.111,13.59,0
101,2013,277,1305,1003,0.0,1.583,305.3,15.08,99.6,2.25,15.02,15.08,0.077,0.116,13.59,0
101,2013,277,1306,1003,0.0,1.458,293.5,15.15,99.6,1.75,15.09,15.15,0.084,0.126,13.59,0
101,2013,277,1307,1003,0.0,1.625,315.1,15.1,99.6,2.25,15.05,15.1,0.093,0.14,13.59,0
101,2013,277,1308,1003,0.0,1.479,312.3,15.15,99.6,2,15.1,15.15,0.105,0.158,13.59,0
101,2013,277,1309,1003,0.0,1.792,313,15.13,99.6,2.75,15.08,15.13,0.112,0.168,13.58,0
101,2013,277,1310,1003,0.0,2.646,317.9,15.09,99.6,3.25,15.03,15.09,0.126,0.189,13.59,0
101,2013,277,1311,1003,0.0,1.604,315.3,15.1,99.6,2,15.05,15.1,0.14,0.21,13.59,0
101,2013,277,1312,1003,0.0,1.792,296,15.13,99.6,2.25,15.08,15.13,0.153,0.229,13.59,0
101,2013,277,1313,1003,0.0,1.542,285.7,15.14,99.6,2.25,15.09,15.14,0.154,0.231,13.59,0
101,2013,277,1314,1003,0.0,1.917,310.9,15.2,99.6,2.75,15.15,15.2,0.147,0.221,13.59,0
101,2013,277,1315,1003,0.0,1.75,306.6,15.14,99.6,2.5,15.09,15.14,0.141,0.212,13.59,0
101,2013,277,1316,1003,0.0,2.5,316.4,15.13,99.6,3.25,15.08,15.13,0.139,0.209,13.59,0
101,2013,277,1317,1003,0.0,2.229,301.4,15.1,99.6,3,15.05,15.1,0.145,0.218,13.59,0
101,2013,277,1318,1003,0.0,2.521,312.1,15.09,99.6,3.25,15.04,15.09,0.161,0.242,13.59,0
101,2013,277,1319,1003,0.0,1.229,318.3,15.13,99.6,2,15.08,15.13,0.171,0.256,13.58,0
101,2013,277,1320,1003,0.0,1.188,314.5,15.13,99.6,1.5,15.08,15.13,0.165,0.247,13.59,0
101,2013,277,1321,1003,0.0,1.646,302.4,15.21,99.6,2.25,15.15,15.21,0.15,0.225,13.58,0
101,2013,277,1322,1003,0.0,1.188,302.8,15.25,99.6,2.25,15.2,15.25,0.135,0.202,13.59,0
101,2013,277,1323,1003,0.0,1.625,288.4,15.17,99.6,2,15.12,15.17,0.12,0.181,13.59,0
101,2013,277,1324,1003,0.0,1.208,310.3,15.19,99.6,1.75,15.14,15.19,0.107,0.161,13.58,0
101,2013,277,1325,1003,0.0,1.292,302.6,15.22,99.6,2,15.17,15.22,0.1,0.151,13.58,0
101,2013,277,1326,1003,0.0,1.063,302.3,15.22,99.6,1.5,15.16,15.22,0.095,0.143,13.58,0
101,2013,277,1327,1003,0.0,1.125,309.3,15.23,99.6,1.5,15.18,15.23,0.086,0.129,13.58,0
101,2013,277,1328,1003,0.0,1.521,311.5,15.22,99.6,2.25,15.17,15.22,0.075,0.112,13.58,0
101,2013,277,1329,1003,0.0,1.063,282.1,15.23,99.6,1.75,15.18,15.23,0.072,0.109,13.58,0
101,2013,277,1330,1003,0.0,0.146,285.5,15.25,99.6,0.5,15.19,15.25,0.076,0.115,13.58,0
101,2013,277,1331,1003,0.0,0.896,316.5,15.33,99.6,1.5,15.28,15.33,0.078,0.118,13.58,0
101,2013,277,1332,1003,0.0,0.938,321.7,15.32,99.6,1.25,15.26,15.32,0.083,0.124,13.58,0
101,2013,277,1333,1003,0.0,1.792,299.7,15.29,99.6,2.75,15.24,15.29,0.094,0.141,13.58,0
101,2013,277,1334,1003,0.0,1.563,311.8,15.26,99.6,2.5,15.21,15.26,0.098,0.148,13.58,0
101,2013,277,1335,1003,0.0,0.833,298.3,15.32,99.6,1.5,15.27,15.32,0.095,0.142,13.58,0
101,2013,277,1336,1003,0.0,1.479,331.2,15.3,99.6,2.25,15.25,15.3,0.096,0.144,13.58,0
101,2013,277,1337,1003,0.0,1.146,307.7,15.32,99.6,2,15.26,15.32,0.095,0.143,13.58,0
101,2013,277,1338,1003,0.0,1.583,319.2,15.31,99.5,2,15.26,15.31,0.102,0.153,13.58,0
101,2013,277,1339,1003,0.0,0.625,302.2,15.3,99.6,1,15.25,15.3,0.11,0.165,13.58,0
101,2013,277,1340,1003,0.0,1,307.5,15.3,99.5,1.5,15.24,15.3,0.116,0.174,13.58,0
101,2013,277,1341,1003,0.0,1.292,323.1,15.33,99.6,2.25,15.28,15.33,0.117,0.176,13.58,0
101,2013,277,1342,1003,0.0,1.875,313.4,15.25,99.5,2.5,15.19,15.25,0.116,0.175,13.58,0
101,2013,277,1343,1003,0.0,1.063,306.5,15.32,99.6,1.5,15.27,15.32,0.098,0.147,13.58,0
101,2013,277,1344,1003,0.0,1.042,301.6,15.33,99.6,1.5,15.27,15.33,0.084,0.126,13.58,0
101,2013,277,1345,1003,0.0,0.917,343.6,15.36,99.5,1.75,15.31,15.36,0.058,0.087,13.58,0
101,2013,277,1346,1003,0.0,1.229,4.572,15.31,99.6,2.25,15.25,15.31,0.038,0.057,13.58,0
101,2013,277,1347,1003,0.0,0.521,348.4,15.33,99.5,1.25,15.27,15.33,0.028,0.043,13.58,0
101,2013,277,1348,1003,0.0,1.771,341.4,15.31,99.5,3.25,15.25,15.31,0.022,0.034,13.58,0
101,2013,277,1349,1003,0.0,1.188,341,15.26,99.5,1.75,15.2,15.26,0.022,0.033,13.58,0
101,2013,277,1350,1003,0.0,0.708,307.2,15.23,99.6,1.5,15.18,15.23,0.021,0.031,13.58,0
101,2013,277,1351,1003,0.0,0.938,308.3,15.22,99.6,2,15.16,15.22,0.019,0.028,13.58,0
101,2013,277,1352,1003,0.0,2.063,297.6,15.13,99.5,2.5,15.07,15.13,0.02,0.031,13.58,0
101,2013,277,1353,1003,0.0,2.771,303.5,15.1,99.6,4.5,15.05,15.1,0.03,0.045,13.58,0
101,2013,277,1354,1003,0.0,2.542,309.1,15.03,99.5,3.75,14.97,15.03,0.043,0.065,13.58,0
101,2013,277,1355,1003,0.0,2.063,298.3,15.04,99.5,3,14.98,15.04,0.053,0.08,13.58,0
101,2013,277,1356,1003,0.2,3.083,282.4,14.95,99.6,5,14.89,14.95,0.055,0.082,13.58,0
101,2013,277,1357,1003,0.0,2.604,282.6,14.86,99.5,3.75,14.8,14.86,0.056,0.085,13.58,0
101,2013,277,1358,1003,0.0,2.688,273.9,14.83,99.5,3.5,14.77,14.83,0.064,0.096,13.58,0
101,2013,277,1359,1003,0.4,2.708,278.6,14.77,99.6,3.75,14.71,14.77,0.071,0.107,13.58,0
101,2013,277,1400,1003,0.0,2.646,277,14.72,99.6,4,14.67,14.72,0.077,0.115,13.58,0
101,2013,277,1401,1003,0.0,2.521,281.8,14.73,99.6,4,14.68,14.73,0.077,0.116,13.58,0
101,2013,277,1402,1003,0.0,2.542,268.1,14.7,99.5,3.5,14.64,14.7,0.073,0.109,13.58,0
101,2013,277,1403,1003,0.0,1.708,283.9,14.7,99.5,2.75,14.64,14.7,0.069,0.104,13.59,0
101,2013,277,1404,1003,0.0,2.438,272.4,14.69,99.6,3.75,14.64,14.69,0.065,0.098,13.59,0
101,2013,277,1405,1003,0.0,2.417,274.3,14.66,99.6,3.75,14.61,14.66,0.063,0.095,13.59,0
101,2013,277,1406,1003,0.0,2.146,277.4,14.61,99.6,3.75,14.55,14.61,0.061,0.092,13.59,0
101,2013,277,1407,1003,0.0,1.813,260.8,14.61,99.6,2.75,14.55,14.61,0.061,0.091,13.59,0
101,2013,277,1408,1003,0.0,2.25,263.8,14.61,99.6,3.5,14.55,14.61,0.062,0.094,13.59,0
101,2013,277,1409,1003,0.0,1.896,268.2,14.62,99.6,2.75,14.56,14.62,0.067,0.101,13.59,0
101,2013,277,1410,1003,0.0,1.479,275.5,14.64,99.6,2.25,14.59,14.64,0.071,0.107,13.59,0
101,2013,277,1411,1003,0.0,2.354,288.9,14.62,99.6,3,14.57,14.62,0.074,0.112,13.59,0
101,2013,277,1412,1003,0.0,2.667,261.5,14.61,99.6,3.25,14.56,14.61,0.082,0.124,13.59,0
101,2013,277,1413,1003,0.0,1.938,268.8,14.65,99.6,3,14.59,14.65,0.092,0.138,13.59,0
101,2013,277,1414,1003,0.0,2.583,289.1,14.61,99.6,4.25,14.56,14.61,0.101,0.152,13.59,0
101,2013,277,1415,1003,0.0,2.25,277.8,14.63,99.6,3,14.57,14.63,0.111,0.167,13.59,0
101,2013,277,1416,1003,0.0,1.979,284.5,14.65,99.6,3.5,14.6,14.65,0.122,0.184,13.59,0
101,2013,277,1417,1003,0.0,2.271,260.6,14.7,99.6,3,14.66,14.7,0.13,0.195,13.59,0
101,2013,277,1418,1003,0.0,2.271,279.9,14.7,99.6,3.25,14.66,14.7,0.131,0.196,13.59,0
101,2013,277,1419,1003,0.0,3.104,285.9,14.7,99.6,4.5,14.65,14.7,0.126,0.189,13.59,0
101,2013,277,1420,1003,0.0,2.958,271.3,14.67,99.6,3.75,14.63,14.67,0.119,0.178,13.59,0
101,2013,277,1421,1003,0.0,3.292,273.4,14.69,99.6,4.25,14.64,14.69,0.114,0.171,13.59,0
101,2013,277,1422,1003,0.0,2.021,268.9,14.75,99.6,2.75,14.7,14.75,0.109,0.164,13.59,0
101,2013,277,1423,1003,0.0,2.292,272.5,14.78,99.6,3.5,14.74,14.78,0.114,0.171,13.59,0
101,2013,277,1424,1003,0.0,3.167,284,14.75,99.6,4,14.7,14.75,0.117,0.175,13.59,0
101,2013,277,1425,1003,0.0,3.146,295.9,14.78,99.6,3.75,14.73,14.78,0.115,0.173,13.59,0
101,2013,277,1426,1003,0.0,2.688,272.4,14.78,99.6,4,14.73,14.78,0.111,0.167,13.59,0
101,2013,277,1427,1003,0.0,2.521,254.6,14.78,99.6,4.5,14.73,14.78,0.109,0.163,13.59,0
101,2013,277,1428,1003,0.0,3.042,284.9,14.81,99.6,4,14.75,14.81,0.109,0.164,13.59,0
101,2013,277,1429,1003,0.0,3,275.5,14.8,99.6,4.25,14.75,14.8,0.101,0.151,13.59,0
101,2013,277,1430,1003,0.0,2.854,260.1,14.8,99.6,4.75,14.75,14.8,0.098,0.147,13.59,0
101,2013,277,1431,1003,0.0,3.625,267.5,14.77,99.6,4.75,14.72,14.77,0.117,0.176,13.59,0
101,2013,277,1432,1003,0.0,3.583,260.4,14.77,99.6,5.25,14.71,14.77,0.127,0.19,13.59,0
101,2013,277,1433,1003,0.0,3.229,267.6,14.77,99.6,4.25,14.71,14.77,0.139,0.208,13.59,0
101,2013,277,1434,1003,0.0,3.417,271,14.78,99.6,4.75,14.72,14.78,0.147,0.221,13.59,0
101,2013,277,1435,1003,0.0,3,266.7,14.8,99.5,4.5,14.74,14.8,0.151,0.226,13.59,0
101,2013,277,1436,1003,0.0,3.729,264.9,14.78,99.5,4.5,14.72,14.78,0.156,0.234,13.59,0
101,2013,277,1437,1003,0.0,2.417,258,14.87,99.5,2.75,14.81,14.87,0.166,0.25,13.59,0
101,2013,277,1438,1003,0.0,2.333,264.3,14.93,99.5,3.25,14.87,14.93,0.168,0.252,13.59,0
101,2013,277,1439,1003,0.0,2.792,265.5,14.96,99.5,4.5,14.89,14.96,0.164,0.247,13.59,0
101,2013,277,1440,1003,0.0,2.896,260.4,14.95,99.5,4,14.89,14.95,0.165,0.248,13.59,0
101,2013,277,1441,1003,0.0,2.896,250.7,14.98,99.5,4,14.92,14.98,0.173,0.259,13.59,0
101,2013,277,1442,1003,0.0,2.729,258.4,15.03,99.5,4.5,14.97,15.03,0.177,0.265,13.59,0
101,2013,277,1443,1003,0.0,2.813,270.5,15.01,99.5,4,14.95,15.01,0.175,0.263,13.59,0
101,2013,277,1444,1003,0.0,3.813,267.1,14.95,99.5,5.25,14.89,14.95,0.17,0.255,13.59,0
101,2013,277,1445,1003,0.0,1.979,268.5,15.01,99.5,3.75,14.95,15.01,0.162,0.243,13.59,0
101,2013,277,1446,1003,0.0,3.167,272.5,14.98,99.5,4.25,14.92,14.98,0.153,0.23,13.59,0
101,2013,277,1447,1003,0.0,3.042,271.2,14.99,99.4,4,14.92,14.99,0.142,0.213,13.59,0
101,2013,277,1448,1003,0.0,2.875,276.5,15,99.4,4.25,14.93,15,0.126,0.189,13.59,0
101,2013,277,1449,1003,0.0,3.604,266.8,14.96,99.4,4.5,14.88,14.96,0.112,0.168,13.59,0
101,2013,277,1450,1003,0.0,3.313,280.9,15.01,99.4,4.25,14.94,15.01,0.094,0.141,13.59,0
101,2013,277,1451,1003,0.0,3.313,265.9,14.94,99.4,5,14.87,14.94,0.084,0.126,13.59,0
101,2013,277,1452,1003,0.0,2.604,276.3,14.94,99.4,4,14.87,14.94,0.079,0.118,13.59,0
101,2013,277,1453,1003,0.0,3.042,267.8,14.92,99.4,4.25,14.84,14.92,0.078,0.118,13.59,0
101,2013,277,1454,1003,0.0,3.271,256.4,14.94,99.4,3.75,14.86,14.94,0.079,0.119,13.59,0
101,2013,277,1455,1003,0.0,3.042,261.2,14.96,99.4,4.5,14.88,14.96,0.08,0.12,13.59,0
101,2013,277,1456,1003,0.0,3.25,259.2,14.91,99.4,3.75,14.82,14.91,0.083,0.125,13.59,0
101,2013,277,1457,1003,0.0,3.563,247.5,14.88,99.4,5,14.8,14.88,0.085,0.128,13.59,0
101,2013,277,1458,1003,0.0,2.438,261.9,14.91,99.3,3.25,14.82,14.91,0.087,0.13,13.59,0
101,2013,277,1459,1003,0.0,2.604,260.5,14.95,99.1,4,14.84,14.95,0.091,0.137,13.59,0
101,2013,277,1500,1003,0.0,3.542,270.4,14.95,98.9,5.25,14.79,14.95,0.095,0.143,13.59,0
101,2013,277,1501,1003,0.0,2.813,271,14.94,98.8,3.75,14.77,14.94,0.114,0.171,13.59,0
101,2013,277,1502,1003,0.0,4.333,274.7,14.95,98.3,6,14.73,14.95,0.117,0.175,13.59,0
101,2013,277,1503,1003,0.0,3.271,267.9,14.94,98.2,5.25,14.68,14.94,0.117,0.176,13.59,0
101,2013,277,1504,1003,0.0,2.854,269,14.97,98,4.25,14.69,14.97,0.112,0.168,13.59,0
101,2013,277,1505,1003,0.0,3.125,264.7,14.96,97.8,4,14.65,14.97,0.111,0.167,13.59,0
101,2013,277,1506,1003,0.0,2.813,274,15.03,97.7,3.75,14.7,15.03,0.115,0.173,13.59,0
101,2013,277,1507,1003,0.0,2.667,267.7,15.04,97.6,3.5,14.68,15.04,0.145,0.218,13.59,0
101,2013,277,1508,1003,0.0,2.604,278.3,15.04,97.5,4,14.65,15.04,0.156,0.234,13.59,0
101,2013,277,1509,1003,0.0,3.417,284.1,15.04,97.2,5,14.63,15.04,0.153,0.23,13.59,0
101,2013,277,1510,1003,0.0,3.771,277.6,15.02,96.9,4.5,14.57,15.02,0.138,0.207,13.59,0
101,2013,277,1511,1004,0.0,3.729,259.1,15.05,96.6,6,14.56,15.05,0.111,0.167,13.59,0
101,2013,277,1512,1004,0.0,3.729,255.8,15.03,96,5.25,14.46,15.03,0.092,0.138,13.59,0
101,2013,277,1513,1004,0.0,3.75,280.5,15.04,95.7,5,14.4,15.04,0.083,0.124,13.59,0
101,2013,277,1514,1004,0.0,3.521,281.7,15.13,95.3,4.25,14.43,15.13,0.083,0.125,13.59,0
101,2013,277,1515,1004,0.0,2.833,289.3,15.13,95.2,4.25,14.4,15.13,0.084,0.127,13.59,0
101,2013,277,1516,1003,0.0,2.688,275.2,15.13,95,3.75,14.35,15.13,0.083,0.124,13.59,0
101,2013,277,1517,1004,0.0,3.146,282.1,15.14,94.7,4.25,14.33,15.14,0.087,0.13,13.59,0
101,2013,277,1518,1004,0.0,4.646,265.8,15.11,94.2,5.75,14.23,15.11,0.103,0.155,13.59,0
101,2013,277,1519,1004,0.0,3.604,261,15.14,94,4.75,14.2,15.14,0.123,0.185,13.59,0
101,2013,277,1520,1004,0.0,2.479,262.2,15.14,94.1,3.5,14.19,15.14,0.143,0.214,13.59,0
101,2013,277,1521,1004,0.0,3.417,262.6,15.15,93.7,4.5,14.16,15.15,0.154,0.232,13.59,0
101,2013,277,1522,1004,0.0,3.229,262.1,15.2,93.6,5,14.2,15.2,0.159,0.238,13.59,0
101,2013,277,1523,1004,0.0,3,271.7,15.18,93.3,4.75,14.13,15.18,0.153,0.23,13.59,0
101,2013,277,1524,1004,0.0,2.771,264.5,15.22,93,4.5,14.14,15.22,0.145,0.217,13.59,0
101,2013,277,1525,1004,0.0,4.188,270.7,15.17,92.1,5,13.97,15.17,0.14,0.211,13.59,0
101,2013,277,1526,1004,0.0,3.938,256.9,15.15,91.7,4.75,13.84,15.15,0.137,0.206,13.59,0
101,2013,277,1527,1004,0.0,2.854,258.6,15.22,91.5,4,13.87,15.22,0.141,0.212,13.58,0
101,2013,277,1528,1004,0.0,3.792,267.3,15.22,90.9,6,13.8,15.22,0.155,0.233,13.59,0
101,2013,277,1529,1004,0.0,3.458,257.9,15.21,90.8,4.5,13.75,15.21,0.179,0.269,13.58,0
101,2013,277,1530,1004,0.0,3.083,285.8,15.22,90.6,3.75,13.72,15.22,0.19,0.285,13.58,0
101,2013,277,1531,1004,0.0,3.063,258.7,15.27,90.3,4.5,13.73,15.27,0.17,0.256,13.58,0
101,2013,277,1532,1004,0.0,3.563,261.7,15.28,89.8,4.75,13.69,15.28,0.15,0.225,13.58,0
101,2013,277,1533,1004,0.0,3.438,266.7,15.28,89,6.25,13.61,15.28,0.148,0.222,13.58,0
101,2013,277,1534,1004,0.0,3.292,256.9,15.22,88.3,5.5,13.39,15.22,0.145,0.217,13.58,0
101,2013,277,1535,1004,0.0,3.313,274.1,15.28,87.9,4.25,13.32,15.28,0.14,0.21,13.58,0
101,2013,277,1536,1004,0.0,4.458,262.2,15.24,86.8,5.75,13.15,15.24,0.128,0.192,13.58,0
101,2013,277,1537,1004,0.0,4.958,258,15.22,85.9,7.5,12.99,15.22,0.118,0.177,13.58,0
101,2013,277,1538,1004,0.0,3.5,267.3,15.28,86.1,6,12.97,15.28,0.114,0.172,13.58,0
101,2013,277,1539,1004,0.0,2.854,265.8,15.3,86.3,3.75,13.04,15.3,0.115,0.172,13.58,0
101,2013,277,1540,1004,0.0,2.604,271.1,15.31,86.4,4.25,13.07,15.31,0.127,0.19,13.58,0
101,2013,277,1541,1004,0.0,3.25,261.6,15.31,86.5,4.75,13.08,15.32,0.14,0.21,13.58,0
101,2013,277,1542,1004,0.0,2.604,288.8,15.33,86.4,5,13.08,15.33,0.135,0.202,13.58,0
101,2013,277,1543,1004,0.0,3.021,270.7,15.31,85.9,6,13.04,15.32,0.119,0.178,13.58,0
101,2013,277,1544,1004,0.0,3.875,279.3,15.21,85.5,6.25,12.82,15.21,0.109,0.163,13.58,0
101,2013,277,1545,1004,0.0,4.021,267.3,15.21,85,6,12.75,15.21,0.106,0.159,13.58,0
101,2013,277,1546,1004,0.0,3.229,275.1,15.21,84.5,5,12.68,15.21,0.109,0.164,13.58,0
101,2013,277,1547,1004,0.0,3.292,259.1,15.18,84.2,5.25,12.57,15.18,0.116,0.175,13.58,0
101,2013,277,1548,1004,0.0,3.458,260.8,15.19,83.8,5.5,12.52,15.19,0.129,0.194,13.58,0
101,2013,277,1549,1004,0.0,4.354,260,15.1,83.3,6,12.35,15.1,0.136,0.205,13.58,0
101,2013,277,1550,1004,0.0,3.188,267,15.12,83.4,4.5,12.33,15.12,0.132,0.199,13.58,0
101,2013,277,1551,1004,0.0,2.333,256.2,15.13,83.5,3,12.34,15.13,0.136,0.205,13.58,0
101,2013,277,1552,1004,0.0,3.729,253.4,15.12,83.6,5,12.37,15.12,0.133,0.199,13.58,0
101,2013,277,1553,1004,0.0,4.208,259.8,15.1,83.4,6.5,12.32,15.1,0.141,0.212,13.58,0
101,2013,277,1554,1004,0.0,2.688,260.1,15.15,83.6,3.75,12.39,15.15,0.136,0.204,13.58,0
101,2013,277,1555,1004,0.0,2.583,264,15.13,83.9,3.25,12.42,15.13,0.114,0.171,13.58,0
101,2013,277,1556,1004,0.0,3.458,251.5,15.15,84,5,12.45,15.15,0.13,0.196,13.58,0
101,2013,277,1557,1004,0.0,3.583,268.3,15.1,83.8,5.75,12.42,15.1,0.14,0.21,13.58,0
101,2013,277,1558,1004,0.0,3.229,280.2,15.05,84.1,4.75,12.36,15.05,0.144,0.217,13.58,0.017
101,2013,277,1559,1004,0.0,2.271,278.9,15.13,84.1,3.25,12.47,15.13,0.13,0.196,13.58,0
101,2013,277,1600,1004,0.0,3.438,280.3,15.09,83.9,5.25,12.4,15.09,0.128,0.192,13.58,0
101,2013,277,1601,1004,0.0,2.646,270.5,15.06,84,3.5,12.36,15.06,0.133,0.199,13.58,0
101,2013,277,1602,1004,0.0,3.792,266.1,15.07,83.8,6,12.39,15.07,0.121,0.182,13.58,0
101,2013,277,1603,1004,0.0,3.854,250.2,15.03,84,5,12.34,15.03,0.122,0.183,13.58,0
101,2013,277,1604,1004,0.0,2.542,263.2,15.03,84.3,4,12.38,15.03,0.14,0.21,13.58,0.019
101,2013,277,1605,1004,0.0,4.583,273.1,14.97,82.8,6.5,12.21,14.97,0.132,0.198,13.58,0.008
101,2013,277,1606,1004,0.0,3.708,265.5,15,82.7,5.75,12.12,15,0.124,0.186,13.58,0.006
101,2013,277,1607,1004,0.0,4.042,262.8,15.01,82.4,5.25,12.08,15.01,0.111,0.167,13.58,0
101,2013,277,1608,1004,0.0,3.5,263.3,15.03,82.3,5.25,12.08,15.03,0.116,0.174,13.58,0
101,2013,277,1609,1004,0.0,3.333,258.7,14.97,82.4,4.25,12.01,14.97,0.126,0.19,13.58,0.017
101,2013,277,1610,1004,0.0,2.896,251.7,15.01,82.7,4.25,12.08,15.01,0.134,0.201,13.58,0.033
101,2013,277,1611,1004,0.0,3.792,259.6,14.99,82.6,5.75,12.09,14.99,0.141,0.211,13.58,0.033
101,2013,277,1612,1004,0.0,5.708,247.3,14.93,81.6,7,11.87,14.93,0.175,0.264,13.58,0.033
101,2013,277,1613,1004,0.0,3.542,252.2,15.01,81.6,5.75,11.87,15.01,0.213,0.319,13.58,0.033
101,2013,277,1614,1004,0.0,2.458,238.3,15.11,81.5,4.25,11.99,15.11,0.235,0.352,13.58,0.033
101,2013,277,1615,1004,0.0,3.896,236.9,15.14,81,5,11.94,15.14,0.235,0.353,13.58,0.033
101,2013,277,1616,1004,0.0,3.208,242,15.19,80.9,4.75,11.95,15.19,0.224,0.337,13.58,0.033
101,2013,277,1617,1004,0.0,4.458,230.8,15.21,80.6,5.75,11.9,15.21,0.222,0.333,13.58,0.033
101,2013,277,1618,1004,0.0,3.188,236.2,15.22,80.4,4.25,11.89,15.22,0.197,0.296,13.58,0.033
101,2013,277,1619,1004,0.0,2.729,237,15.26,80.3,5.25,11.94,15.26,0.196,0.294,13.57,0.033
101,2013,277,1620,1004,0.0,3.313,252.5,15.21,80.2,6,11.82,15.21,0.192,0.288,13.57,0.033
101,2013,277,1621,1004,0.0,2.563,250.5,15.28,80.3,3.75,11.91,15.28,0.188,0.282,13.57,0.033
101,2013,277,1622,1004,0.0,2.563,242.8,15.3,80.4,3.75,11.95,15.3,0.185,0.277,13.57,0.033
101,2013,277,1623,1004,0.0,2.896,241.9,15.32,80.7,3.75,12,15.32,0.183,0.274,13.57,0.033
101,2013,277,1624,1004,0.0,4.958,243.1,15.22,80.2,6.5,11.83,15.22,0.181,0.271,13.57,0.033
101,2013,277,1625,1004,0.0,3.521,243.3,15.28,80.2,5.75,11.92,15.28,0.179,0.269,13.56,0.033
101,2013,277,1626,1004,0.0,3.188,242,15.21,80.4,4.5,11.86,15.21,0.059,0.088,13.57,0.006
101,2013,277,1627,1004,0.0,3.479,255.2,15.17,80.7,4.25,11.84,15.17,0.12,0.181,13.57,0.019
101,2013,277,1628,1004,0.0,3.875,254.2,15.1,80.7,5,11.81,15.1,0.098,0.148,13.57,0.014
101,2013,277,1629,1004,0.0,5.208,252,14.99,80.9,6.25,11.73,14.99,0.038,0.057,13.57,0
101,2013,277,1630,1004,0.0,3.583,246.5,14.92,81.2,5.5,11.72,14.92,0.037,0.056,13.57,0
101,2013,277,1631,1004,0.0,4.875,242,14.87,81.5,5.75,11.72,14.87,0.036,0.055,13.57,0
101,2013,277,1632,1004,0.0,3.5,260.2,14.81,81.7,5,11.7,14.81,0.04,0.059,13.57,0
101,2013,277,1633,1004,0.0,2.646,263.7,14.77,81.9,3.5,11.7,14.77,0.04,0.06,13.57,0
101,2013,277,1634,1004,0.0,4.104,242.7,14.75,81.9,5.5,11.7,14.75,0.039,0.058,13.57,0
101,2013,277,1635,1004,0.0,4,249.8,14.69,82,5,11.65,14.69,0.042,0.064,13.57,0
101,2013,277,1636,1004,0.0,3.896,244.1,14.67,82.1,5.5,11.66,14.67,0.05,0.076,13.57,0
101,2013,277,1637,1004,0.0,4.25,265.3,14.68,82.1,7,11.68,14.68,0.114,0.171,13.57,0
101,2013,277,1638,1004,0.0,6.063,252.2,14.7,81.4,7.25,11.61,14.7,0.159,0.238,13.58,0
101,2013,277,1639,1004,0.0,4.063,247.9,14.78,81.4,5.5,11.62,14.78,0.116,0.174,13.58,0
101,2013,277,1640,1004,0.0,4.813,255.2,14.78,81.3,7.25,11.64,14.78,0.055,0.082,13.58,0
101,2013,277,1641,1004,0.0,4.396,249.5,14.78,81.3,6.5,11.61,14.78,0.079,0.12,13.57,0
101,2013,277,1642,1004,0.0,4.292,253.3,14.78,81.5,5.5,11.63,14.78,0.113,0.169,13.58,0
101,2013,277,1643,1004,0.0,4.438,253.6,14.77,81.5,6,11.65,14.77,0.151,0.227,13.58,0
101,2013,277,1644,1004,0.0,4.292,246.2,14.81,81.4,6,11.69,14.81,0.168,0.252,13.58,0
101,2013,277,1645,1004,0.0,4.063,259.3,14.86,81.3,5,11.71,14.86,0.148,0.222,13.58,0
101,2013,277,1646,1004,0.0,4.375,256,14.87,80.8,6,11.64,14.87,0.106,0.159,13.58,0
101,2013,277,1647,1004,0.0,4.208,256.9,14.96,80.6,5.25,11.69,14.96,0.104,0.157,13.58,0
101,2013,277,1648,1004,0.0,3.313,269.8,14.96,80.4,4.25,11.66,14.96,0.062,0.094,13.58,0
101,2013,277,1649,1004,0.0,3.917,260,14.95,80.2,5.25,11.59,14.95,0.039,0.059,13.58,0
101,2013,277,1650,1004,0.0,3.417,265.8,14.95,80.2,5.75,11.58,14.95,0.036,0.054,13.58,0
101,2013,277,1651,1004,0.0,3.917,247.3,14.96,80.4,5.25,11.6,14.96,0.035,0.053,13.58,0
101,2013,277,1652,1004,0.0,3.271,248,14.88,80.6,4.25,11.58,14.88,0.04,0.061,13.58,0
101,2013,277,1653,1004,0.0,3.563,250.7,14.87,80.8,5,11.61,14.87,0.049,0.074,13.58,0
101,2013,277,1654,1004,0.0,5.042,267.6,14.78,80.7,6.75,11.52,14.78,0.057,0.086,13.58,0
101,2013,277,1655,1004,0.0,3.771,256.2,14.78,80.8,5.25,11.52,14.78,0.069,0.104,13.58,0
101,2013,277,1656,1004,0.0,3.125,266.4,14.78,81,4.25,11.54,14.78,0.074,0.111,13.58,0
101,2013,277,1657,1004,0.0,4.813,260.9,14.75,80.9,6,11.52,14.75,0.07,0.105,13.58,0
101,2013,277,1658,1004,0.0,3.292,250.6,14.74,81,5.5,11.5,14.74,0.061,0.092,13.58,0
101,2013,277,1659,1004,0.0,3.833,253.4,14.74,81.1,5.5,11.54,14.74,0.05,0.074,13.58,0
101,2013,277,1700,1004,0.0,4.5,260.7,14.7,81.1,6,11.51,14.7,0.045,0.068,13.58,0
101,2013,277,1701,1004,0.0,5.479,259.2,14.68,80.4,7.25,11.41,14.68,0.041,0.061,13.58,0
101,2013,277,1702,1004,0.0,4.313,257.5,14.69,80.4,5.5,11.36,14.69,0.042,0.063,13.58,0
101,2013,277,1703,1004,0.0,5.938,247.7,14.69,79.8,8.25,11.32,14.69,0.046,0.069,13.58,0
101,2013,277,1704,1004,0.0,4.75,250.5,14.69,79.9,6,11.27,14.69,0.048,0.072,13.58,0
101,2013,277,1705,1004,0.0,3.917,254,14.69,79.9,6,11.27,14.69,0.045,0.067,13.58,0
101,2013,277,1706,1004,0.0,4.833,253.4,14.68,79.8,5.75,11.25,14.68,0.036,0.054,13.59,0
101,2013,277,1707,1004,0.0,4.771,249.8,14.68,79.8,6.25,11.25,14.68,0.031,0.046,13.58,0
101,2013,277,1708,1004,0.0,3.333,255.7,14.67,80,4.5,11.25,14.67,0.031,0.047,13.59,0
101,2013,277,1709,1004,0.0,4.938,251.7,14.65,80,6.75,11.26,14.65,0.034,0.051,13.58,0
101,2013,277,1710,1004,0.0,3.938,256.4,14.64,80.2,5.25,11.26,14.64,0.033,0.05,13.59,0
101,2013,277,1711,1004,0.0,3.542,255.5,14.61,80.2,6,11.25,14.61,0.035,0.052,13.59,0
101,2013,277,1712,1004,0.0,4.333,246.7,14.59,80,6,11.22,14.59,0.035,0.053,13.59,0
101,2013,277,1713,1004,0.0,4.542,256.1,14.6,79.7,5.75,11.17,14.6,0.037,0.055,13.59,0
101,2013,277,1714,1004,0.0,4.208,254.5,14.63,79.5,5.75,11.14,14.63,0.042,0.064,13.59,0
101,2013,277,1715,1004,0.0,5.146,262.3,14.66,79.3,6.25,11.14,14.66,0.044,0.066,13.59,0
101,2013,277,1716,1004,0.0,5.167,271.2,14.68,79.1,6.5,11.13,14.68,0.041,0.062,13.59,0
101,2013,277,1717,1004,0.0,3.667,266.5,14.7,79.3,4.75,11.14,14.7,0.038,0.058,13.59,0
101,2013,277,1718,1004,0.0,3.271,261.4,14.69,79.4,5.75,11.17,14.69,0.04,0.06,13.59,0
101,2013,277,1719,1005,0.0,3.917,273.6,14.68,79.4,6.25,11.14,14.68,0.046,0.069,13.59,0
101,2013,277,1720,1005,0.2,4.292,266.4,14.69,79.1,6,11.13,14.69,0.045,0.068,13.59,0
101,2013,277,1721,1005,0.0,3.479,260.5,14.7,79.1,7.25,11.13,14.7,0.037,0.056,13.59,0
101,2013,277,1722,1005,0.0,4.25,278.1,14.69,79.2,6.25,11.13,14.69,0.035,0.053,13.59,0
101,2013,277,1723,1005,0.0,4.167,257.8,14.68,79.1,5.5,11.11,14.68,0.036,0.054,13.59,0
101,2013,277,1724,1005,0.0,3.5,255.8,14.68,79,5,11.1,14.68,0.037,0.056,13.59,0
101,2013,277,1725,1005,0.0,3.729,257.5,14.68,79.1,5.25,11.1,14.68,0.036,0.054,13.59,0
101,2013,277,1726,1005,0.0,3.271,259.1,14.66,79.2,5,11.09,14.66,0.033,0.049,13.59,0
101,2013,277,1727,1005,0.0,3.854,246,14.65,79.3,5,11.11,14.65,0.029,0.044,13.59,0
101,2013,277,1728,1005,0.0,3.375,253.4,14.61,79.4,5,11.09,14.61,0.027,0.04,13.59,0
101,2013,277,1729,1005,0.0,3.833,250.2,14.61,79.3,5.5,11.08,14.61,0.028,0.042,13.59,0
101,2013,277,1730,1005,0.0,3.813,259.3,14.6,79.3,5,11.07,14.6,0.028,0.042,13.59,0
101,2013,277,1731,1005,0.0,3.583,243.8,14.61,79.1,4.75,11.06,14.61,0.025,0.038,13.59,0
101,2013,277,1732,1005,0.0,4.292,250,14.61,79.1,6,11.05,14.61,0.023,0.035,13.59,0
101,2013,277,1733,1005,0.0,4.354,243.9,14.6,79.1,6,11.04,14.6,0.021,0.032,13.59,0
101,2013,277,1734,1005,0.0,4.146,256.5,14.6,79.1,5,11.04,14.6,0.02,0.031,13.59,0
101,2013,277,1735,1005,0.0,3.563,240,14.62,79,5,11.03,14.62,0.02,0.03,13.59,0
101,2013,277,1736,1005,0.0,3.646,258.6,14.61,78.9,4.5,11.02,14.61,0.02,0.03,13.59,0
101,2013,277,1737,1005,0.0,3.667,246.2,14.62,78.8,4.5,10.99,14.62,0.021,0.032,13.59,0
101,2013,277,1738,1005,0.0,4.229,252.2,14.62,78.7,6.5,10.99,14.62,0.023,0.035,13.59,0
101,2013,277,1739,1005,0.0,4.771,247.3,14.66,78.5,6,10.98,14.66,0.026,0.04,13.59,0
101,2013,277,1740,1005,0.0,4,250.5,14.68,78.7,5,11.02,14.68,0.029,0.044,13.59,0
101,2013,277,1741,1005,0.0,3.458,250.4,14.66,79,4.75,11.04,14.66,0.029,0.043,13.59,0
101,2013,277,1742,1005,0.0,3.479,243.8,14.63,79.3,4.25,11.08,14.63,0.026,0.04,13.59,0
101,2013,277,1743,1005,0.0,3.208,251.1,14.61,79.5,4,11.1,14.61,0.024,0.037,13.59,0
101,2013,277,1744,1005,0.0,3.625,241.7,14.6,79.7,5.5,11.13,14.6,0.025,0.038,13.59,0
101,2013,277,1745,1005,0.0,3.104,231.8,14.58,80,4.75,11.16,14.58,0.025,0.038,13.59,0
101,2013,277,1746,1005,0.0,3.375,247.5,14.55,80.1,4.25,11.15,14.55,0.025,0.037,13.59,0
101,2013,277,1747,1005,0.0,4.063,243.4,14.54,80.3,5.75,11.19,14.54,0.023,0.035,13.59,0
101,2013,277,1748,1005,0.0,3.729,245.5,14.52,80.3,5.25,11.19,14.52,0.023,0.034,13.59,0
101,2013,277,1749,1005,0.0,4.229,241.6,14.52,80.3,5.75,11.18,14.52,0.023,0.034,13.59,0
101,2013,277,1750,1005,0.0,3.979,251.5,14.53,80.3,4.75,11.19,14.53,0.023,0.034,13.59,0
101,2013,277,1751,1005,0.0,4,243.8,14.52,80.4,5.75,11.2,14.52,0.022,0.034,13.59,0
101,2013,277,1752,1005,0.0,4,246.6,14.53,80.5,5.75,11.22,14.53,0.022,0.033,13.59,0
101,2013,277,1753,1005,0.0,3.563,240.5,14.52,80.7,4.75,11.24,14.52,0.02,0.03,13.59,0
101,2013,277,1754,1005,0.0,3,243.1,14.51,81,4,11.28,14.51,0.016,0.025,13.59,0
101,2013,277,1755,1005,0.0,3.563,253.2,14.48,81.2,4.5,11.29,14.48,0.014,0.022,13.59,0
101,2013,277,1756,1005,0.0,4.396,243.6,14.48,81.1,5.5,11.3,14.48,0.016,0.024,13.59,0
101,2013,277,1757,1005,0.0,3.229,252.7,14.47,81.2,5,11.3,14.47,0.019,0.029,13.59,0
101,2013,277,1758,1005,0.0,3.104,244,14.48,81.2,4,11.31,14.48,0.018,0.028,13.59,0
101,2013,277,1759,1005,0.0,3,249.5,14.46,81.4,4.25,11.32,14.46,0.015,0.023,13.59,0
101,2013,277,1800,1005,0.0,3.792,252.4,14.46,81.6,5.25,11.34,14.46,0.012,0.018,13.59,0
101,2013,277,1801,1005,0.0,3.833,269.3,14.45,81.6,5.75,11.35,14.45,0.01,0.015,13.6,0
101,2013,277,1802,1005,0.0,3.833,250.6,14.44,81.8,5.5,11.36,14.44,0.008,0.012,13.59,0
101,2013,277,1803,1005,0.0,4.896,249,14.44,81.7,7.25,11.37,14.44,0.007,0.011,13.59,0
101,2013,277,1804,1005,0.0,3.708,248.1,14.44,81.8,5.25,11.37,14.44,0.007,0.011,13.6,0
101,2013,277,1805,1005,0.0,3.396,247.9,14.43,82,4.25,11.39,14.43,0.008,0.012,13.6,0
101,2013,277,1806,1005,0.0,2.729,247.9,14.41,82.1,4,11.4,14.41,0.01,0.015,13.6,0
101,2013,277,1807,1005,0.0,2.208,249.3,14.39,82.3,3.25,11.42,14.39,0.011,0.017,13.6,0
101,2013,277,1808,1005,0.0,2.542,268.9,14.39,82.6,3.25,11.46,14.39,0.013,0.019,13.6,0
101,2013,277,1809,1005,0.0,3.188,211.7,14.36,82.7,4.5,11.47,14.36,0.013,0.02,13.6,0
101,2013,277,1810,1005,0.0,3.458,248.2,14.34,82.9,5,11.48,14.34,0.014,0.022,13.6,0
101,2013,277,1811,1005,0.0,2.271,284,14.32,83.1,2.75,11.5,14.32,0.016,0.024,13.6,0
101,2013,277,1812,1005,0.0,2.479,272.4,14.3,83.3,3,11.51,14.3,0.017,0.026,13.6,0
101,2013,277,1813,1005,0.0,4.063,250.5,14.29,83.4,6.75,11.52,14.29,0.017,0.026,13.6,0
101,2013,277,1814,1005,0.0,3.708,272.1,14.27,83.5,4.75,11.52,14.27,0.017,0.026,13.6,0
101,2013,277,1815,1005,0.0,2.542,277,14.26,83.6,4.5,11.52,14.26,0.017,0.025,13.6,0
101,2013,277,1816,1005,0.0,2.125,264.8,14.24,83.7,3.5,11.52,14.24,0.016,0.025,13.6,0
101,2013,277,1817,1005,0.0,2.813,266.2,14.21,83.7,4,11.5,14.21,0.015,0.022,13.6,0
101,2013,277,1818,1005,0.0,3.063,269.5,14.2,83.8,4.5,11.5,14.2,0.012,0.018,13.6,0
101,2013,277,1819,1005,0.0,2.333,247.4,14.19,83.9,3,11.51,14.19,0.01,0.016,13.6,0
101,2013,277,1820,1005,0.0,4.146,268.3,14.15,84,7,11.49,14.15,0.009,0.014,13.6,0
101,2013,277,1821,1005,0.0,3.167,254,14.1,84.1,4.75,11.46,14.1,0.009,0.013,13.6,0
101,2013,277,1822,1005,0.0,3.5,254.6,14.11,84.2,5,11.5,14.11,0.008,0.012,13.6,0
101,2013,277,1823,1005,0.0,4.063,247,14.08,84.3,5.5,11.48,14.08,0.007,0.011,13.6,0
101,2013,277,1824,1005,0.0,4.042,257.5,14.04,84.5,5.5,11.47,14.04,0.007,0.011,13.6,0
101,2013,277,1825,1005,0.0,2.854,247.4,14.03,84.6,3.75,11.49,14.03,0.006,0.01,13.6,0
101,2013,277,1826,1006,0.0,2.729,256.5,14.02,84.8,4.75,11.49,14.02,0.006,0.009,13.6,0
101,2013,277,1827,1006,0.0,3.333,248.9,13.95,84.9,4.75,11.46,13.95,0.005,0.008,13.61,0
101,2013,277,1828,1006,0.0,3.625,249.7,13.93,84.9,5.5,11.44,13.93,0.005,0.007,13.6,0
101,2013,277,1829,1006,0.0,3.688,247.4,13.94,84.9,5.25,11.45,13.94,0.004,0.007,13.61,0
101,2013,277,1830,1006,0.0,5.542,238.9,13.95,84.7,6.25,11.44,13.95,0.004,0.006,13.61,0
101,2013,277,1831,1006,0.0,3.146,236.6,13.95,84.7,4.5,11.42,13.95,0.003,0.005,13.61,0
101,2013,277,1832,1006,0.0,1.625,249.5,13.96,84.9,2,11.45,13.96,0.003,0.005,13.61,0
101,2013,277,1833,1006,0.0,1.938,243.9,13.9,85.1,2.5,11.43,13.9,0.002,0.004,13.61,0
101,2013,277,1834,1006,0.0,2.271,243.9,13.85,85.3,3.5,11.42,13.85,0.002,0.003,13.61,0
101,2013,277,1835,1006,0.0,3.292,245.9,13.84,85.5,4.25,11.45,13.84,0.002,0.003,13.61,0
101,2013,277,1836,1006,0.0,2.563,248.5,13.84,85.5,4.75,11.46,13.84,0.001,0.002,13.61,0
101,2013,277,1837,1006,0.0,2.854,228.1,13.85,85.6,4.25,11.48,13.85,0.001,0.002,13.61,0
101,2013,277,1838,1006,0.0,3.479,229.9,13.86,85.7,6.5,11.51,13.86,0.001,0.002,13.61,0
101,2013,277,1839,1006,0.0,4.667,241.5,13.84,85.8,6,11.51,13.84,0.001,0.002,13.61,0
101,2013,277,1840,1006,0.0,3.667,232.6,13.86,85.9,4.5,11.54,13.86,0.001,0.002,13.61,0
101,2013,277,1841,1006,0.0,4.458,237.6,13.86,86.1,7.25,11.58,13.86,0.001,0.002,13.61,0
101,2013,277,1842,1006,0.0,3.708,235.3,13.87,86.4,5.75,11.63,13.87,0.001,0.002,13.61,0
101,2013,277,1843,1006,0.0,5,244.5,13.86,86.6,7.75,11.65,13.86,0.001,0.002,13.61,0
101,2013,277,1844,1006,0.0,3.188,228.9,13.85,86.7,4.5,11.68,13.85,0.001,0.002,13.61,0
101,2013,277,1845,1006,0.0,3.583,248,13.78,87,4.75,11.63,13.78,0.001,0.002,13.61,0
101,2013,277,1846,1006,0.0,3.771,238.7,13.77,87.2,5.75,11.67,13.77,0.001,0.002,13.61,0
101,2013,277,1847,1006,0.0,2.854,248.3,13.77,87.5,5.25,11.73,13.77,0.001,0.001,13.61,0
101,2013,277,1848,1006,0.0,3.104,239,13.68,87.8,5,11.68,13.68,0.001,0.001,13.61,0
101,2013,277,1849,1006,0.0,5.396,239.9,13.67,88.1,7,11.73,13.67,0.001,0.001,13.61,0
101,2013,277,1850,1006,0.0,3.438,239.2,13.7,88.2,5.5,11.79,13.7,0.001,0.001,13.61,0
101,2013,277,1851,1006,0.0,5.104,244.7,13.69,88.4,6,11.8,13.69,0.001,0.001,13.61,0
101,2013,277,1852,1006,0.0,5.188,246.8,13.63,88.5,6.75,11.77,13.63,0.0,0.001,13.61,0
101,2013,277,1853,1006,0.0,3.854,225.4,13.61,88.5,5.25,11.75,13.61,0.0,0.001,13.61,0
101,2013,277,1854,1006,0.0,4.125,232.3,13.58,88.5,6.25,11.73,13.58,0.0,0,13.61,0
101,2013,277,1855,1006,0.0,3.25,227.5,13.58,88.5,4.75,11.72,13.58,0.0,0,13.61,0
101,2013,277,1856,1006,0.0,4.042,246.1,13.59,88.6,5,11.74,13.59,0.0,0,13.61,0
101,2013,277,1857,1006,0.0,4.896,239.7,13.61,88.6,6,11.79,13.61,0.0,0,13.61,0
101,2013,277,1858,1006,0.0,4.563,243,13.61,88.5,5.5,11.77,13.61,0.0,0,13.61,0
101,2013,277,1859,1006,0.0,3.208,237.5,13.6,88.5,4.25,11.75,13.6,0.0,-.001,13.61,0
101,2013,277,1900,1006,0.0,3.958,245.3,13.55,88.6,5,11.71,13.55,0.0,-.001,13.61,0
101,2013,277,1901,1006,0.0,4.792,238.5,13.51,88.6,5.75,11.68,13.51,0.0,-.001,13.61,0
101,2013,277,1902,1006,0.0,5.542,251.4,13.54,88.2,8,11.67,13.54,0.0,-.001,13.62,0
101,2013,277,1903,1006,0.0,4.271,242.8,13.57,88.1,5.5,11.66,13.57,0.0,-.001,13.62,0
101,2013,277,1904,1006,0.0,3.854,252.6,13.56,88.1,4.75,11.64,13.56,0.0,-.001,13.62,0
101,2013,277,1905,1006,0.0,3.458,232.4,13.52,88.2,4.75,11.61,13.52,0.0,-.001,13.62,0
101,2013,277,1906,1006,0.0,5.438,227.5,13.51,88.2,7.25,11.6,13.51,0.0,-.001,13.62,0
101,2013,277,1907,1006,0.0,3,238.2,13.5,88.3,4,11.59,13.5,0.0,-.001,13.62,0
101,2013,277,1908,1006,0.0,4.417,242.6,13.51,88.3,6,11.62,13.51,0.0,-.001,13.62,0
101,2013,277,1909,1006,0.0,3.938,255.3,13.52,88.3,5.5,11.63,13.52,0.0,-.001,13.62,0
101,2013,277,1910,1006,0.0,5.25,246.6,13.5,88.4,6,11.62,13.5,0.0,-.001,13.62,0
101,2013,277,1911,1006,0.0,4.375,246.4,13.47,88.4,5.5,11.59,13.47,0.0,-.001,13.62,0
101,2013,277,1912,1006,0.0,4.104,234.2,13.41,88.4,5.75,11.55,13.41,0.0,-.001,13.62,0
101,2013,277,1913,1006,0.0,3.729,235.7,13.4,88.5,4.5,11.55,13.4,0.0,-.001,13.62,0
101,2013,277,1914,1006,0.0,3.333,253.8,13.43,88.6,3.75,11.58,13.43,0.0,-.001,13.62,0
101,2013,277,1915,1006,0.0,2.354,230.8,13.39,88.7,3,11.56,13.39,0.0,-.002,13.62,0
101,2013,277,1916,1006,0.0,3.438,246.7,13.32,88.8,5.75,11.52,13.32,0.0,-.002,13.62,0
101,2013,277,1917,1006,0.0,3,228.4,13.34,88.8,4.25,11.54,13.34,0.0,-.002,13.63,0
101,2013,277,1918,1006,0.0,3.438,232.3,13.33,88.9,4.75,11.54,13.33,0.0,-.002,13.62,0
101,2013,277,1919,1006,0.0,3.625,226,13.31,88.9,4.75,11.53,13.31,0.0,-.002,13.62,0
101,2013,277,1920,1006,0.0,3.646,243.8,13.27,89,4.5,11.5,13.27,0.0,-.002,13.63,0
101,2013,277,1921,1006,0.0,3.125,235.1,13.26,89,4.75,11.51,13.26,0.0,-.002,13.62,0
101,2013,277,1922,1006,0.0,3.563,232.4,13.25,89.1,4.75,11.49,13.25,0.0,-.002,13.63,0
101,2013,277,1923,1006,0.0,3.458,235,13.25,89.1,4.25,11.51,13.25,0.0,-.002,13.63,0
101,2013,277,1924,1006,0.0,2.958,244,13.23,89.1,3.75,11.49,13.23,0.0,-.002,13.63,0
101,2013,277,1925,1006,0.0,2.417,243.7,13.22,89.3,3.5,11.5,13.22,0.0,-.002,13.63,0
101,2013,277,1926,1006,0.0,1.896,245.9,13.16,89.3,3.5,11.45,13.16,0.0,-.002,13.63,0
101,2013,277,1927,1006,0.0,3.333,256.4,13.16,89.5,5.75,11.46,13.16,0.0,-.002,13.63,0
101,2013,277,1928,1006,0.0,3.583,227.4,13.16,89.4,5,11.47,13.16,0.0,-.002,13.63,0
101,2013,277,1929,1006,0.0,3.625,245.8,13.16,89.3,4.75,11.47,13.16,0.0,-.002,13.63,0
101,2013,277,1930,1007,0.0,3.25,236.2,13.14,89.3,4.25,11.44,13.14,0.0,-.002,13.63,0
101,2013,277,1931,1007,0.0,2.146,252.1,13.1,89.3,3.25,11.4,13.1,0.0,-.002,13.63,0
101,2013,277,1932,1007,0.0,2.688,249.4,13.09,89.3,3.5,11.39,13.09,0.0,-.002,13.63,0
101,2013,277,1933,1007,0.0,3.188,233.6,13.08,89.3,5,11.38,13.08,0.0,-.002,13.63,0
101,2013,277,1934,1007,0.0,3.104,242.3,13.07,89.3,4,11.37,13.07,0.0,-.002,13.64,0
101,2013,277,1935,1007,0.0,2.104,234.6,13.03,89.3,3.25,11.33,13.03,0.0,-.002,13.63,0
101,2013,277,1936,1007,0.0,2.813,255.1,13.02,89.4,3.75,11.33,13.02,0.0,-.002,13.64,0
101,2013,277,1937,1007,0.0,2,239.9,13.01,89.4,3.25,11.32,13.01,0.0,-.002,13.64,0
101,2013,277,1938,1007,0.0,2.292,236.7,12.98,89.4,3,11.28,12.98,0.0,-.002,13.64,0
101,2013,277,1939,1007,0.0,2.583,202.5,12.96,89.4,4,11.28,12.96,0.0,-.002,13.64,0
101,2013,277,1940,1007,0.0,3.792,241.5,12.95,89.4,4.75,11.26,12.95,0.0,-.002,13.64,0
101,2013,277,1941,1007,0.0,3.896,246.2,12.95,89.4,4.75,11.26,12.95,0.0,-.002,13.64,0
101,2013,277,1942,1007,0.0,4.417,235,12.94,89.3,5.25,11.24,12.94,0.0,-.002,13.64,0
101,2013,277,1943,1007,0.0,3.063,249.2,12.93,89.2,4.5,11.21,12.93,0.0,-.002,13.64,0
101,2013,277,1944,1007,0.0,2.438,225.9,12.91,89.1,3.75,11.17,12.91,0.0,-.002,13.64,0
101,2013,277,1945,1007,0.0,2.521,224.7,12.87,89.2,3.5,11.14,12.87,0.0,-.002,13.64,0
101,2013,277,1946,1007,0.0,3.25,241.1,12.87,89.2,4.25,11.14,12.87,0.0,-.002,13.64,0
101,2013,277,1947,1007,0.0,3.479,225.8,12.85,89.1,5.25,11.13,12.85,0.0,-.002,13.64,0
101,2013,277,1948,1007,0.0,2.771,220.6,12.82,89.1,4,11.09,12.82,0.0,-.002,13.64,0
101,2013,277,1949,1007,0.0,2.896,239.3,12.81,89.1,3.5,11.08,12.81,0.0,-.002,13.64,0
101,2013,277,1950,1007,0.0,2.771,235.9,12.78,89.1,3.5,11.04,12.78,0.0,-.002,13.64,0
101,2013,277,1951,1007,0.0,2.104,239.8,12.77,89.1,3,11.02,12.77,0.0,-.002,13.64,0
101,2013,277,1952,1007,0.0,2.375,241.9,12.78,89.1,3.25,11.04,12.78,0.0,-.002,13.64,0
101,2013,277,1953,1007,0.0,2.896,249.2,12.74,89.2,4.5,11.02,12.74,0.0,-.002,13.64,0
101,2013,277,1954,1007,0.0,3.313,246.1,12.75,89.2,4.25,11.04,12.75,0.0,-.002,13.64,0
101,2013,277,1955,1007,0.0,2.729,252.4,12.76,89.1,4.25,11.03,12.76,0.0,-.002,13.64,0
101,2013,277,1956,1007,0.0,4.104,234.4,12.78,89,5,11.03,12.78,0.0,-.002,13.64,0
101,2013,277,1957,1007,0.0,2.979,235.7,12.77,88.8,4.25,11,12.77,0.0,-.002,13.65,0
101,2013,277,1958,1007,0.0,2.583,234.1,12.77,88.7,4.5,10.97,12.77,0.0,-.002,13.65,0
101,2013,277,1959,1007,0.0,2.833,224.1,12.76,88.7,3.75,10.95,12.76,0.0,-.002,13.65,0
101,2013,277,2000,1007,0.0,2.833,236.9,12.72,88.7,3.75,10.91,12.72,0.0,-.002,13.65,0
101,2013,277,2001,1007,0.0,3.813,241,12.72,88.7,5.5,10.92,12.72,0.0,-.002,13.65,0
101,2013,277,2002,1007,0.0,3.604,242.5,12.75,88.7,4.75,10.95,12.75,0.0,-.002,13.65,0
101,2013,277,2003,1007,0.0,2.604,232.9,12.73,88.7,3,10.93,12.73,0.0,-.002,13.65,0
101,2013,277,2004,1007,0.0,2.792,226.8,12.69,88.7,3.5,10.89,12.69,0.0,-.002,13.65,0
101,2013,277,2005,1007,0.0,2.313,248.8,12.69,88.9,3,10.9,12.69,0.0,-.002,13.65,0
101,2013,277,2006,1007,0.0,2.854,241.1,12.69,89,4,10.94,12.69,0.0,-.002,13.65,0
101,2013,277,2007,1007,0.0,3.354,251.5,12.69,89.2,4.25,10.96,12.69,0.0,-.002,13.65,0
101,2013,277,2008,1007,0.0,4.646,258.4,12.69,89.2,5.5,10.98,12.69,0.0,-.002,13.65,0
101,2013,277,2009,1007,0.0,3.104,247.6,12.7,89.1,3.75,10.97,12.7,0.0,-.002,13.65,0
101,2013,277,2010,1007,0.0,3.813,241.2,12.68,89.1,4.75,10.94,12.68,0.0,-.002,13.65,0
101,2013,277,2011,1007,0.0,3.063,238.8,12.68,89.1,4,10.94,12.68,0.0,-.002,13.65,0
101,2013,277,2012,1007,0.0,4.833,241.4,12.7,89.2,6.75,10.98,12.7,0.0,-.002,13.65,0
101,2013,277,2013,1007,0.0,4.417,251.8,12.73,89.1,5.5,11,12.73,0.0,-.002,13.65,0
101,2013,277,2014,1007,0.0,4.146,244.3,12.76,89,5.5,11.02,12.76,0.0,-.002,13.65,0
101,2013,277,2015,1007,0.0,3.354,239.9,12.75,89,4.5,11,12.75,0.0,-.002,13.65,0
101,2013,277,2016,1007,0.0,3.75,247.1,12.76,89,4.75,11.02,12.76,0.0,-.002,13.65,0
101,2013,277,2017,1007,0.0,2.229,243.1,12.73,89,2.75,10.98,12.73,0.0,-.002,13.65,0
101,2013,277,2018,1007,0.0,2.646,228.7,12.68,89,3.5,10.94,12.68,0.0,-.002,13.65,0
101,2013,277,2019,1007,0.0,2.25,231.6,12.68,89.1,3.25,10.95,12.68,0.0,-.002,13.65,0
101,2013,277,2020,1007,0.0,2.979,248.5,12.69,89.3,4.5,10.98,12.69,0.0,-.002,13.65,0
101,2013,277,2021,1007,0.0,2.833,226.3,12.67,89.4,5.25,10.98,12.67,0.0,-.002,13.65,0
101,2013,277,2022,1007,0.0,3.583,254,12.67,89.5,4.5,11,12.67,0.0,-.002,13.65,0
101,2013,277,2023,1007,0.0,2.875,250.5,12.64,89.6,3.75,10.97,12.64,0.0,-.002,13.65,0
101,2013,277,2024,1007,0.0,2.792,239.9,12.61,89.6,4.5,10.95,12.61,0.0,-.002,13.66,0
101,2013,277,2025,1007,0.0,2.667,227,12.6,89.6,3.75,10.94,12.6,0.0,-.002,13.66,0
101,2013,277,2026,1007,0.0,2.521,241.7,12.61,89.7,3.5,10.97,12.61,0.0,-.002,13.66,0
101,2013,277,2027,1007,0.0,2.896,234.3,12.61,89.8,4,10.98,12.61,0.0,-.002,13.65,0
101,2013,277,2028,1007,0.0,2.563,247,12.61,89.9,4.5,11,12.61,0.0,-.002,13.66,0
101,2013,277,2029,1007,0.0,3.917,248.3,12.62,90,4.75,11.03,12.62,0.0,-.002,13.66,0
101,2013,277,2030,1007,0.0,4.333,240.7,12.62,89.9,5.75,11.02,12.62,0.0,-.002,13.65,0
101,2013,277,2031,1007,0.0,2.292,242,12.62,89.9,3.25,11.02,12.62,0.0,-.002,13.66,0
101,2013,277,2032,1007,0.0,2.042,247.9,12.61,89.9,3.25,11.01,12.61,0.0,-.002,13.66,0
101,2013,277,2033,1007,0.0,3.542,246.3,12.59,89.9,5.75,10.99,12.59,0.0,-.002,13.66,0
101,2013,277,2034,1007,0.0,2.604,242.6,12.57,90,4,10.98,12.57,0.0,-.002,13.66,0
101,2013,277,2035,1007,0.0,2.375,256.1,12.52,90,3.5,10.94,12.52,0.0,-.002,13.66,0
101,2013,277,2036,1007,0.0,2.083,244.5,12.52,90,3,10.94,12.52,0.0,-.002,13.66,0
101,2013,277,2037,1007,0.0,2.104,241,12.51,90.1,3,10.94,12.51,0.0,-.002,13.66,0
101,2013,277,2038,1007,0.0,2.229,242.7,12.52,90.1,3,10.95,12.52,0.0,-.002,13.66,0
101,2013,277,2039,1007,0.0,2.75,238.9,12.53,90.2,3.5,10.97,12.53,0.0,-.002,13.66,0
101,2013,277,2040,1007,0.0,1.854,218.6,12.53,90.2,2.5,10.98,12.53,0.0,-.002,13.66,0
101,2013,277,2041,1007,0.0,2.458,237.3,12.53,90.2,3,10.98,12.53,0.0,-.002,13.66,0
101,2013,277,2042,1007,0.0,2.646,238.9,12.53,90.1,3,10.96,12.53,0.0,-.002,13.66,0
101,2013,277,2043,1007,0.0,2.417,262.6,12.53,90,3.25,10.96,12.53,0.0,-.002,13.66,0
101,2013,277,2044,1007,0.0,2.625,242.7,12.52,89.9,3.25,10.91,12.52,0.0,-.002,13.66,0
101,2013,277,2045,1007,0.0,2.438,246,12.51,89.7,3.75,10.89,12.51,0.0,-.002,13.66,0
101,2013,277,2046,1007,0.0,1.792,271.9,12.5,89.6,2.75,10.86,12.5,0.0,-.002,13.66,0
101,2013,277,2047,1007,0.0,1.479,304.5,12.51,89.6,2.5,10.86,12.51,0.0,-.002,13.66,0
101,2013,277,2048,1007,0.0,0.896,254.3,12.52,89.5,1.25,10.86,12.52,0.0,-.002,13.66,0
101,2013,277,2049,1007,0.0,0.896,253.2,12.51,89.5,1.75,10.85,12.51,0.0,-.002,13.66,0
101,2013,277,2050,1007,0.0,1.688,236,12.51,89.6,2.5,10.86,12.51,0.0,-.002,13.66,0
101,2013,277,2051,1007,0.0,2.521,249.7,12.51,89.6,3.5,10.85,12.51,0.0,-.002,13.66,0
101,2013,277,2052,1007,0.0,1.396,288,12.47,89.5,2,10.81,12.47,0.0,-.002,13.66,0
101,2013,277,2053,1007,0.0,2.042,268.1,12.42,89.5,3.25,10.75,12.42,0.0,-.002,13.66,0
101,2013,277,2054,1007,0.0,1.833,254.7,12.41,89.6,2.5,10.75,12.41,0.0,-.002,13.66,0
101,2013,277,2055,1007,0.0,2.125,245,12.41,89.6,3,10.76,12.41,0.0,-.002,13.66,0
101,2013,277,2056,1007,0.0,2.813,247.7,12.46,89.6,4.25,10.8,12.46,0.0,-.002,13.66,0
101,2013,277,2057,1007,0.0,3.271,237.3,12.45,89.5,5,10.79,12.45,0.0,-.002,13.66,0
101,2013,277,2058,1007,0.0,3.104,216.8,12.36,89.6,4,10.7,12.36,0.0,-.002,13.66,0
101,2013,277,2059,1007,0.0,2.604,243.4,12.33,89.7,4,10.7,12.33,0.0,-.002,13.67,0
101,2013,277,2100,1007,0.0,2.542,236.4,12.34,89.8,3.75,10.71,12.34,0.0,-.002,13.67,0
101,2013,277,2101,1008,0.0,3.625,260.4,12.35,89.9,5.75,10.74,12.35,0.0,-.002,13.67,0
101,2013,277,2102,1008,0.0,3.208,269,12.35,89.9,6.25,10.75,12.35,0.0,-.002,13.67,0
101,2013,277,2103,1008,0.0,2.396,254,12.38,89.9,5.5,10.77,12.38,0.0,-.002,13.67,0
101,2013,277,2104,1008,0.0,3.979,268.9,12.38,89.9,5,10.78,12.38,0.0,-.002,13.67,0
101,2013,277,2105,1008,0.0,3.063,263.3,12.38,89.9,5.25,10.79,12.38,0.0,-.002,13.67,0
101,2013,277,2106,1008,0.0,3.292,240.8,12.37,90,4.5,10.78,12.37,0.0,-.002,13.67,0
101,2013,277,2107,1008,0.0,2.396,262.2,12.37,89.9,3,10.78,12.37,0.0,-.002,13.67,0
101,2013,277,2108,1008,0.0,2.875,256.2,12.34,90,3.25,10.75,12.34,0.0,-.002,13.67,0
101,2013,277,2109,1008,0.0,3,237.5,12.28,90,3.5,10.7,12.28,0.0,-.002,13.67,0
101,2013,277,2110,1008,0.0,2.958,260.2,12.25,90.1,4.75,10.68,12.25,0.0,-.002,13.67,0
101,2013,277,2111,1008,0.0,3.042,240.1,12.25,90.2,5,10.69,12.25,0.0,-.002,13.67,0
101,2013,277,2112,1008,0.0,2.729,232.4,12.26,90.2,4,10.71,12.26,0.0,-.002,13.67,0
101,2013,277,2113,1008,0.0,2.896,228.5,12.29,90.3,4.25,10.75,12.29,0.0,-.002,13.67,0
101,2013,277,2114,1008,0.0,2.854,255.4,12.26,90.4,4.25,10.73,12.26,0.0,-.002,13.67,0
101,2013,277,2115,1008,0.0,2.271,234.3,12.26,90.4,4.25,10.75,12.26,0.0,-.002,13.67,0
101,2013,277,2116,1008,0.0,2.292,252.6,12.19,90.5,3.25,10.69,12.19,0.0,-.002,13.67,0
101,2013,277,2117,1008,0.0,2.604,259.9,12.18,90.6,4,10.7,12.18,0.0,-.002,13.67,0
101,2013,277,2118,1008,0.0,3.313,238.5,12.16,90.6,4,10.69,12.16,0.0,-.002,13.67,0
101,2013,277,2119,1008,0.0,2.229,249.1,12.17,90.7,3,10.7,12.17,0.0,-.002,13.67,0
101,2013,277,2120,1008,0.0,2.396,249.8,12.17,90.8,3.75,10.72,12.17,0.0,-.002,13.68,0
101,2013,277,2121,1008,0.0,2.042,233.7,12.19,90.7,2.75,10.74,12.19,0.0,-.002,13.67,0
101,2013,277,2122,1008,0.0,1.688,226.3,12.19,90.8,2.25,10.74,12.19,0.0,-.002,13.67,0
101,2013,277,2123,1008,0.0,1.479,232.4,12.11,90.8,2.25,10.68,12.11,0.0,-.002,13.67,0
101,2013,277,2124,1008,0.0,2.563,248.6,12.07,91,3,10.65,12.07,0.0,-.002,13.68,0
101,2013,277,2125,1008,0.0,2.333,239.1,12.08,91.1,3,10.67,12.08,0.0,-.002,13.67,0
101,2013,277,2126,1008,0.0,2.813,248.6,12.08,91.3,4,10.7,12.08,0.0,-.002,13.67,0
101,2013,277,2127,1008,0.0,2.167,266.1,12.07,91.3,3.25,10.71,12.07,0.0,-.002,13.67,0
101,2013,277,2128,1008,0.0,2.854,248.6,12.08,91.3,4,10.73,12.08,0.0,-.002,13.68,0
101,2013,277,2129,1008,0.0,2,265.3,12.08,91.4,3.5,10.72,12.08,0.0,-.002,13.68,0
101,2013,277,2130,1008,0.0,2.083,268.9,12.08,91.4,2.75,10.73,12.08,0.0,-.002,13.68,0
101,2013,277,2131,1008,0.0,2.125,253.3,12.09,91.5,2.75,10.74,12.09,0.0,-.002,13.68,0
101,2013,277,2132,1008,0.0,1.875,247,12.09,91.5,2.25,10.75,12.09,0.0,-.002,13.68,0
101,2013,277,2133,1008,0.0,1.042,241.3,12.11,91.6,1.75,10.76,12.11,0.0,-.002,13.68,0
101,2013,277,2134,1008,0.0,1.542,223.3,12.1,91.4,2.5,10.76,12.1,0.0,-.002,13.68,0
101,2013,277,2135,1008,0.0,3.417,253.7,12.1,91.5,5,10.77,12.1,0.0,-.002,13.68,0
101,2013,277,2136,1008,0.0,2.688,255.7,12.09,91.6,3.75,10.77,12.09,0.0,-.002,13.68,0
101,2013,277,2137,1008,0.0,1.521,232.8,12.08,91.6,2.75,10.75,12.08,0.0,-.002,13.68,0
101,2013,277,2138,1008,0.0,1.521,234.8,12.11,91.4,3,10.76,12.11,0.0,-.002,13.68,0
101,2013,277,2139,1008,0.0,1.375,259.4,12.1,91.6,1.75,10.76,12.1,0.0,-.002,13.68,0
101,2013,277,2140,1008,0.0,1.208,225.4,12.1,91.6,1.5,10.76,12.1,0.0,-.002,13.68,0
101,2013,277,2141,1008,0.0,1.708,248,12.09,91.5,2.75,10.76,12.09,0.0,-.002,13.68,0
101,2013,277,2142,1008,0.0,2.188,242.1,12.09,91.5,4,10.75,12.09,0.0,-.002,13.68,0
101,2013,277,2143,1008,0.0,2.583,250.4,12.08,91.5,4.25,10.75,12.08,0.0,-.002,13.68,0
101,2013,277,2144,1008,0.0,1.667,232.6,12.08,91.3,2.5,10.73,12.08,0.0,-.002,13.68,0
101,2013,277,2145,1008,0.0,2.375,242.2,12.08,91.4,2.75,10.73,12.08,0.0,-.002,13.68,0
101,2013,277,2146,1008,0.0,4.146,241.5,12.11,91.3,5.75,10.75,12.11,0.0,-.002,13.68,0
101,2013,277,2147,1008,0.0,2.917,239.7,12.13,91.2,4,10.75,12.13,0.0,-.002,13.68,0
101,2013,277,2148,1008,0.0,1.688,261.8,12.16,91,2.5,10.76,12.16,0.0,-.002,13.68,0
101,2013,277,2149,1008,0.0,2.896,255.6,12.19,91,4.25,10.78,12.19,0.0,-.002,13.68,0
101,2013,277,2150,1008,0.0,3.875,257.5,12.18,90.9,7,10.75,12.18,0.0,-.002,13.68,0
101,2013,277,2151,1008,0.0,4.938,246.6,12.18,90.6,7,10.72,12.18,0.0,-.002,13.68,0
101,2013,277,2152,1008,0.0,3.021,254.9,12.23,90.4,4.25,10.72,12.23,0.0,-.002,13.68,0
101,2013,277,2153,1008,0.0,4.396,257.7,12.27,90.2,6,10.72,12.27,0.0,-.002,13.68,0
101,2013,277,2154,1008,0.0,3.771,253.7,12.27,90,4.75,10.68,12.27,0.0,-.002,13.68,0
101,2013,277,2155,1008,0.0,3.958,259.1,12.27,89.8,6.25,10.66,12.27,0.0,-.002,13.68,0
101,2013,277,2156,1008,0.0,3.938,265.2,12.26,89.7,5.75,10.64,12.26,0.0,-.002,13.68,0
101,2013,277,2157,1008,0.0,4.604,261.2,12.26,89.5,6.75,10.61,12.26,0.0,-.002,13.68,0
101,2013,277,2158,1008,0.0,4.042,243.9,12.26,89.6,4.75,10.6,12.26,0.0,-.002,13.68,0
101,2013,277,2159,1008,0.0,4.208,267.7,12.25,89.5,6,10.58,12.25,0.0,-.002,13.68,0
101,2013,277,2200,1008,0.0,4.042,250.2,12.26,89.5,4.5,10.59,12.26,0.0,-.002,13.68,0
101,2013,277,2201,1008,0.0,3.354,256,12.27,89.3,4,10.58,12.27,0.0,-.002,13.68,0
101,2013,277,2202,1008,0.0,4,268.2,12.27,89.3,5.75,10.58,12.27,0.0,-.002,13.68,0
101,2013,277,2203,1008,0.0,3.354,261.3,12.24,89.5,4.25,10.56,12.24,0.0,-.002,13.68,0
101,2013,277,2204,1008,0.0,2.542,284.5,12.16,89.4,4.25,10.48,12.16,0.0,-.002,13.68,0
101,2013,277,2205,1008,0.0,3.063,277.9,12.15,89.6,4.75,10.49,12.15,0.0,-.002,13.68,0
101,2013,277,2206,1008,0.0,2.896,259.5,12.18,89.7,3.75,10.53,12.18,0.0,-.002,13.68,0
101,2013,277,2207,1008,0.0,4.208,273.2,12.19,89.8,5.75,10.54,12.19,0.0,-.002,13.68,0
101,2013,277,2208,1008,0.0,4.188,268.9,12.19,89.6,6.25,10.54,12.19,0.0,-.002,13.68,0
101,2013,277,2209,1008,0.0,4.25,258.8,12.19,89.6,5.5,10.54,12.19,0.0,-.002,13.68,0
101,2013,277,2210,1008,0.0,4.667,265.1,12.18,89.6,6.25,10.52,12.18,0.0,-.002,13.68,0
101,2013,277,2211,1008,0.0,3.708,263.5,12.18,89.5,6,10.51,12.18,0.0,-.002,13.68,0
101,2013,277,2212,1008,0.0,4.042,256.9,12.19,89.5,5.75,10.52,12.19,0.0,-.002,13.68,0
101,2013,277,2213,1008,0.0,4.438,246.4,12.2,89.6,6.75,10.53,12.2,0.0,-.002,13.68,0
101,2013,277,2214,1008,0.0,4.333,259.3,12.2,89.5,6,10.53,12.2,0.0,-.002,13.68,0
101,2013,277,2215,1008,0.0,4.458,244.6,12.16,89.5,6.5,10.49,12.16,0.0,-.002,13.68,0
101,2013,277,2216,1008,0.0,5.083,240.9,12.19,89.4,7.5,10.53,12.19,0.0,-.002,13.68,0
101,2013,277,2217,1008,0.0,4.521,256,12.2,89.5,6,10.52,12.2,0.0,-.002,13.68,0
101,2013,277,2218,1008,0.0,4.333,240.5,12.2,89.5,6.25,10.52,12.2,0.0,-.002,13.68,0
101,2013,277,2219,1008,0.0,3.667,240.7,12.13,89.5,5,10.46,12.13,0.0,-.002,13.68,0
101,2013,277,2220,1008,0.0,5.229,249.7,12.17,89.6,7.75,10.51,12.17,0.0,-.002,13.68,0
101,2013,277,2221,1008,0.0,5.292,248.9,12.19,89.5,6.75,10.53,12.19,0.0,-.002,13.68,0
101,2013,277,2222,1008,0.0,4.813,243.4,12.18,89.5,6,10.5,12.18,0.0,-.002,13.68,0
101,2013,277,2223,1008,0.0,4.896,250.7,12.18,89.3,6.25,10.49,12.18,0.0,-.002,13.68,0
101,2013,277,2224,1008,0.0,4.708,240.2,12.16,89.4,6,10.47,12.16,0.0,-.002,13.68,0
101,2013,277,2225,1008,0.0,4.625,254.1,12.17,89.2,6.5,10.46,12.17,0.0,-.002,13.68,0
101,2013,277,2226,1008,0.0,4.604,246.9,12.18,89.2,5.75,10.45,12.18,0.0,-.002,13.68,0
101,2013,277,2227,1008,0.0,3.854,237.5,12.17,89.1,5.5,10.45,12.17,0.0,-.002,13.68,0
101,2013,277,2228,1008,0.0,4.167,252.5,12.16,89.2,5.5,10.44,12.16,0.0,-.002,13.68,0
101,2013,277,2229,1008,0.0,5.188,244.6,12.2,89.1,7,10.48,12.2,0.0,-.002,13.68,0
101,2013,277,2230,1008,0.0,5.104,252.8,12.24,89.1,6.25,10.49,12.24,0.0,-.002,13.68,0
101,2013,277,2231,1008,0.0,4.896,254.3,12.27,89,6,10.51,12.27,0.0,-.002,13.68,0
101,2013,277,2232,1008,0.0,5.813,239.7,12.27,88.8,8,10.49,12.27,0.0,-.002,13.68,0
101,2013,277,2233,1008,0.0,5.479,248,12.24,88.7,6.75,10.45,12.24,0.0,-.002,13.68,0
101,2013,277,2234,1008,0.0,5.271,249.3,12.25,88.6,7,10.44,12.25,0.0,-.002,13.68,0
101,2013,277,2235,1008,0.0,5.167,246.3,12.28,88.6,7.25,10.46,12.28,0.0,-.002,13.68,0
101,2013,277,2236,1008,0.0,3.729,251.1,12.26,88.5,4.75,10.43,12.26,0.0,-.002,13.68,0
101,2013,277,2237,1008,0.0,4.083,246.5,12.24,88.7,5.25,10.43,12.24,0.0,-.002,13.68,0
101,2013,277,2238,1008,0.0,4.125,253.1,12.26,88.8,5.75,10.46,12.26,0.0,-.002,13.68,0
101,2013,277,2239,1008,0.0,4.417,259.8,12.26,88.9,7.25,10.47,12.26,0.0,-.002,13.68,0
101,2013,277,2240,1008,0.0,4.917,252.5,12.33,88.8,7.25,10.53,12.33,0.0,-.002,13.69,0
101,2013,277,2241,1008,0.0,4.229,251.3,12.35,88.7,5.75,10.54,12.35,0.0,-.002,13.68,0
101,2013,277,2242,1008,0.0,3.25,256.5,12.29,88.7,4.25,10.49,12.29,0.0,-.002,13.68,0
101,2013,277,2243,1008,0.0,3.458,247.9,12.24,88.8,4.75,10.45,12.24,0.0,-.002,13.68,0
101,2013,277,2244,1008,0.0,4.563,248.8,12.23,89.1,5.75,10.48,12.23,0.0,-.002,13.69,0
101,2013,277,2245,1008,0.0,5.167,265.5,12.25,89.1,6.75,10.52,12.25,0.0,-.002,13.68,0
101,2013,277,2246,1008,0.0,4.021,256,12.24,89.1,6,10.5,12.24,0.0,-.002,13.69,0
101,2013,277,2247,1008,0.0,4.396,265.8,12.22,89.1,6,10.49,12.22,0.0,-.002,13.68,0
101,2013,277,2248,1008,0.0,5.25,262.6,12.23,89.1,7.5,10.5,12.23,0.0,-.002,13.69,0
101,2013,277,2249,1008,0.0,4.646,259.2,12.27,89,6.25,10.52,12.27,0.0,-.002,13.69,0
101,2013,277,2250,1008,0.0,4.021,258.1,12.25,89,5.25,10.5,12.25,0.0,-.002,13.68,0
101,2013,277,2251,1008,0.0,4.542,249.3,12.26,89,6.5,10.51,12.26,0.0,-.002,13.68,0
101,2013,277,2252,1008,0.0,4.5,261.4,12.26,89,5.25,10.51,12.26,0.0,-.002,13.68,0
101,2013,277,2253,1008,0.0,4.646,262.5,12.28,89,6.25,10.53,12.28,0.0,-.002,13.69,0
101,2013,277,2254,1008,0.0,3.896,252.6,12.34,88.8,4.5,10.56,12.34,0.0,-.002,13.68,0
101,2013,277,2255,1008,0.0,4.583,262.1,12.35,88.7,5.75,10.56,12.35,0.0,-.002,13.68,0
101,2013,277,2256,1008,0.0,5.063,254.5,12.35,88.7,7.25,10.55,12.35,0.0,-.002,13.69,0
101,2013,277,2257,1008,0.0,4.25,268.7,12.33,88.5,6,10.5,12.33,0.0,-.002,13.68,0
101,2013,277,2258,1008,0.0,3.396,252.3,12.33,88.5,5.5,10.49,12.33,0.0,-.002,13.69,0
101,2013,277,2259,1008,0.0,3.167,251.4,12.35,88.5,3.75,10.51,12.35,0.0,-.002,13.69,0
101,2013,277,2300,1008,0.0,3.542,266.4,12.35,88.6,5.25,10.52,12.35,0.0,-.002,13.69,0
101,2013,277,2301,1008,0.0,3.146,264.5,12.35,88.6,5.25,10.53,12.35,0.0,-.002,13.68,0
101,2013,277,2302,1008,0.0,2.5,272.5,12.31,88.7,3.75,10.49,12.31,0.0,-.002,13.69,0
101,2013,277,2303,1008,0.0,3.958,265.9,12.29,88.6,5.25,10.48,12.29,0.0,-.002,13.68,0
101,2013,277,2304,1008,0.0,3.583,249.9,12.29,88.7,5.75,10.47,12.29,0.0,-.002,13.69,0
101,2013,277,2305,1008,0.0,4.5,243.4,12.33,88.5,5.75,10.5,12.33,0.0,-.002,13.68,0
101,2013,277,2306,1008,0.0,4.229,259.9,12.35,88.3,5.75,10.49,12.35,0.0,-.002,13.69,0
101,2013,277,2307,1008,0.0,4.375,256.9,12.33,87.9,5.25,10.42,12.33,0.0,-.002,13.69,0
101,2013,277,2308,1008,0.0,4.083,238.7,12.36,87.6,5.25,10.39,12.36,0.0,-.002,13.68,0
101,2013,277,2309,1008,0.0,4.542,255.3,12.43,87.4,6.75,10.42,12.43,0.0,-.002,13.68,0
101,2013,277,2310,1008,0.0,5.25,249.1,12.41,86.9,6,10.34,12.41,0.0,-.002,13.69,0
101,2013,277,2311,1008,0.0,4.417,243.7,12.47,86.9,5.75,10.36,12.47,0.0,-.002,13.69,0
101,2013,277,2312,1009,0.0,5.5,253,12.51,86.6,7.5,10.36,12.51,0.0,-.002,13.68,0
101,2013,277,2313,1008,0.0,5,250.9,12.5,86.5,7,10.31,12.5,0.0,-.002,13.68,0
101,2013,277,2314,1008,0.0,6.271,240,12.5,86.3,7.25,10.29,12.5,0.0,-.002,13.68,0
101,2013,277,2315,1008,0.0,5.396,247.8,12.54,86.4,7,10.31,12.54,0.0,-.002,13.68,0
101,2013,277,2316,1008,0.0,4.958,238.4,12.52,86.4,6.5,10.3,12.52,0.0,-.002,13.68,0
101,2013,277,2317,1008,0.0,4.563,250.9,12.49,86.7,5.75,10.32,12.49,0.0,-.002,13.68,0
101,2013,277,2318,1008,0.0,4.396,245.1,12.51,86.9,5.5,10.38,12.51,0.0,-.002,13.68,0
101,2013,277,2319,1008,0.0,4.021,252.2,12.44,87.2,6.25,10.34,12.44,0.0,-.002,13.68,0
101,2013,277,2320,1008,0.0,4.938,245.4,12.4,87.3,7.5,10.35,12.4,0.0,-.002,13.68,0
101,2013,277,2321,1008,0.0,4.146,246.4,12.43,87.5,5.5,10.41,12.43,0.0,-.002,13.68,0
101,2013,277,2322,1009,0.0,5.979,248.8,12.38,87.8,6.75,10.41,12.38,0.0,-.002,13.68,0
101,2013,277,2323,1008,0.0,5,243.2,12.33,88,6,10.39,12.33,0.0,-.002,13.68,0
101,2013,277,2324,1009,0.0,5.688,241.2,12.33,88.3,7,10.42,12.33,0.0,-.002,13.68,0
101,2013,277,2325,1009,0.0,5.792,239.3,12.32,88.5,7.5,10.46,12.32,0.0,-.002,13.68,0
101,2013,277,2326,1009,0.0,5.646,234.2,12.25,88.6,7.25,10.41,12.25,0.0,-.002,13.68,0
101,2013,277,2327,1009,0.0,5.563,233.8,12.26,88.7,6.75,10.45,12.26,0.0,-.001,13.69,0
101,2013,277,2328,1009,0.0,6.208,234.1,12.25,88.9,7.5,10.48,12.25,0.0,-.001,13.69,0
101,2013,277,2329,1009,0.0,5.604,244.5,12.23,89.1,7.5,10.49,12.23,0.0,-.002,13.68,0
101,2013,277,2330,1009,0.0,5.417,235.9,12.14,89.1,6.25,10.41,12.14,0.0,-.001,13.68,0
101,2013,277,2331,1009,0.0,4.958,235,12.14,89.4,7.25,10.44,12.14,0.0,-.002,13.68,0
101,2013,277,2332,1009,0.0,7.27,242.5,12.17,89.3,9.25,10.48,12.17,0.0,-.002,13.69,0
101,2013,277,2333,1009,0.0,5.667,233.5,12.14,89.3,6.25,10.43,12.14,0.0,-.002,13.69,0
101,2013,277,2334,1009,0.0,7.21,243.5,12.14,89.1,8.75,10.43,12.14,0.0,-.002,13.69,0
101,2013,277,2335,1009,0.0,5.521,248,12.15,89.1,7.5,10.42,12.15,0.0,-.002,13.68,0
101,2013,277,2336,1009,0.0,4.729,250.3,12.18,89.3,6.75,10.46,12.18,0.0,-.002,13.68,0
101,2013,277,2337,1009,0.0,5.208,252.3,12.16,89.4,7,10.47,12.16,0.0,-.002,13.68,0
101,2013,277,2338,1009,0.0,5.729,246.9,12.11,89.5,6.75,10.43,12.11,0.0,-.002,13.68,0
101,2013,277,2339,1009,0.0,4.563,238.5,12.07,89.5,6,10.4,12.07,0.0,-.002,13.68,0
101,2013,277,2340,1009,0.0,5.208,249.1,12.1,89.8,6.5,10.46,12.1,0.0,-.002,13.68,0
101,2013,277,2341,1009,0.0,5.417,242.8,12.03,89.9,6.25,10.42,12.03,0.0,-.002,13.69,0
101,2013,277,2342,1009,0.0,4.521,244.9,11.98,89.9,6.5,10.38,11.98,0.0,-.002,13.69,0
101,2013,277,2343,1009,0.0,5.104,249.8,11.99,90.1,7,10.42,11.99,0.0,-.002,13.69,0
101,2013,277,2344,1009,0.0,4.417,236.4,12.01,90.2,7,10.45,12.01,0.0,-.002,13.69,0
101,2013,277,2345,1009,0.0,4.625,251.7,12.01,90.1,6,10.46,12.02,0.0,-.002,13.68,0
101,2013,277,2346,1009,0.0,5.021,250.8,12,90.1,6.5,10.44,12,0.0,-.002,13.69,0
101,2013,277,2347,1009,0.0,5.542,247.1,12.01,89.9,7.5,10.43,12.01,0.0,-.002,13.69,0
101,2013,277,2348,1009,0.0,4.479,244.5,12.02,89.8,5.75,10.42,12.02,0.0,-.002,13.69,0
101,2013,277,2349,1009,0.0,5.313,250.1,12.01,89.6,8,10.39,12.02,0.0,-.002,13.69,0
101,2013,277,2350,1009,0.0,4.542,257.8,12,89.7,5.75,10.36,12,0.0,-.002,13.69,0
101,2013,277,2351,1009,0.0,6.208,251.7,12.01,89.6,8.25,10.36,12.01,0.0,-.002,13.69,0
101,2013,277,2352,1009,0.0,5.375,247.6,11.99,89.4,8.25,10.31,11.99,0.0,-.002,13.69,0
101,2013,277,2353,1009,0.0,3.771,262.7,12,89.3,5,10.3,12,0.0,-.002,13.69,0
101,2013,277,2354,1009,0.0,5.188,252.1,12.01,89.2,6.5,10.3,12.01,0.0,-.002,13.69,0
101,2013,277,2355,1009,0.0,4.854,244.2,12,89.2,6.25,10.27,12,0.0,-.002,13.69,0
101,2013,277,2356,1009,0.0,4.563,249.5,11.98,88.9,6.5,10.24,11.98,0.0,-.002,13.69,0
101,2013,277,2357,1009,0.0,4.375,254.3,11.98,89,5.75,10.22,11.98,0.0,-.002,13.69,0
101,2013,277,2358,1009,0.0,3.229,261,12,89,4.25,10.25,12,0.0,-.002,13.69,0
101,2013,277,2359,1009,0.0,3.708,253.6,12,89.1,4.5,10.26,12,0.0,-.002,13.69,0
101,2013,277,2400,1009,0.0,3.583,255.2,11.98,89.1,4.75,10.25,11.98,0.0,-.002,13.69,0
101,2013,278,1,1009,0.0,3.542,252.3,11.96,89.1,4.5,10.22,11.96,0.0,-.002,13.69,0
101,2013,278,2,1009,0.0,3.5,270.1,11.93,89,5.25,10.19,11.93,0.0,-.002,13.69,0
101,2013,278,3,1009,0.0,3.792,252.1,11.94,89,5.25,10.19,11.94,0.0,-.002,13.69,0
101,2013,278,4,1009,0.0,3.104,249.2,11.92,88.9,4,10.16,11.92,0.0,-.002,13.69,0
101,2013,278,5,1009,0.0,2.979,271.1,11.9,88.9,4.25,10.13,11.9,0.0,-.002,13.69,0
101,2013,278,6,1009,0.0,3.646,271.4,11.91,89,5,10.15,11.91,0.0,-.002,13.69,0
101,2013,278,7,1009,0.0,3.354,268.2,11.91,88.8,4.75,10.14,11.91,0.0,-.002,13.69,0
101,2013,278,8,1009,0.0,3,280,11.91,88.7,4.75,10.12,11.91,0.0,-.002,13.69,0
101,2013,278,9,1009,0.0,3.063,264.3,11.91,88.7,4.25,10.11,11.91,0.0,-.002,13.69,0
101,2013,278,10,1009,0.0,3.083,255.7,11.93,88.6,4,10.13,11.93,0.0,-.002,13.69,0
101,2013,278,11,1009,0.0,2.5,269.8,11.93,88.7,4.25,10.12,11.93,0.0,-.002,13.69,0
101,2013,278,12,1009,0.0,2.375,273.5,11.86,88.6,3.5,10.04,11.86,0.0,-.002,13.69,0
101,2013,278,13,1009,0.0,2.938,248.6,11.82,88.8,3.75,10.02,11.82,0.0,-.002,13.69,0
101,2013,278,14,1009,0.0,3.063,262.5,11.85,88.6,4,10.05,11.85,0.0,-.002,13.69,0
101,2013,278,15,1009,0.0,2.646,278.9,11.85,88.8,4.25,10.05,11.85,0.0,-.002,13.69,0
101,2013,278,16,1009,0.0,2.563,263.8,11.85,88.8,3.75,10.05,11.85,0.0,-.002,13.69,0
101,2013,278,17,1009,0.0,3.021,273.4,11.86,88.8,3.75,10.07,11.86,0.0,-.002,13.69,0
101,2013,278,18,1009,0.0,3,282.5,11.85,88.8,4,10.05,11.85,0.0,-.002,13.69,0
101,2013,278,19,1009,0.0,3.354,270.5,11.85,88.7,4.5,10.05,11.85,0.0,-.002,13.69,0
101,2013,278,20,1009,0.0,2.792,272.9,11.84,88.7,4,10.05,11.84,0.0,-.002,13.69,0
101,2013,278,21,1009,0.0,3,269.4,11.83,88.9,4,10.05,11.83,0.0,-.002,13.69,0
101,2013,278,22,1009,0.0,2.521,281.6,11.85,88.8,3.75,10.08,11.85,0.0,-.002,13.69,0
101,2013,278,23,1009,0.0,2.583,257.1,11.82,89,3,10.05,11.82,0.0,-.002,13.69,0
101,2013,278,24,1009,0.0,3.438,268.4,11.78,89.1,4.25,10.04,11.78,0.0,-.002,13.69,0
101,2013,278,25,1009,0.0,3.583,259.2,11.77,89.3,5,10.06,11.77,0.0,-.002,13.69,0
101,2013,278,26,1009,0.0,3.188,259.3,11.76,89.5,5,10.07,11.76,0.0,-.002,13.69,0
101,2013,278,27,1009,0.0,2.938,256.6,11.75,89.4,4.25,10.08,11.75,0.0,-.002,13.69,0
101,2013,278,28,1009,0.0,3.438,263.4,11.76,89.6,4.5,10.11,11.76,0.0,-.002,13.69,0
101,2013,278,29,1009,0.0,2.729,245.3,11.77,89.6,4,10.13,11.77,0.0,-.002,13.69,0
101,2013,278,30,1009,0.0,2.146,255.5,11.76,89.6,3,10.11,11.76,0.0,-.002,13.69,0
101,2013,278,31,1009,0.0,1.688,260.7,11.75,89.7,2.75,10.12,11.75,0.0,-.002,13.69,0
101,2013,278,32,1009,0.0,3.167,260.3,11.77,89.8,4,10.14,11.77,0.0,-.002,13.7,0
101,2013,278,33,1009,0.0,3.438,278.8,11.82,89.8,6,10.21,11.82,0.0,-.002,13.7,0
101,2013,278,34,1009,0.0,3.708,253.8,11.85,89.7,5.25,10.23,11.85,0.0,-.002,13.69,0
101,2013,278,35,1009,0.0,2.271,277.6,11.85,89.7,4,10.21,11.85,0.0,-.002,13.69,0
101,2013,278,36,1009,0.0,2.375,260.6,11.83,89.6,3.5,10.19,11.83,0.0,-.002,13.69,0
101,2013,278,37,1009,0.0,2.083,260.2,11.84,89.5,3.25,10.18,11.84,0.0,-.002,13.7,0
101,2013,278,38,1009,0.0,3.042,248.8,11.83,89.6,4.5,10.18,11.83,0.0,-.002,13.7,0
101,2013,278,39,1010,0.0,2.771,268,11.84,89.4,4.5,10.17,11.84,0.0,-.002,13.7,0
101,2013,278,40,1010,0.0,2.563,253.2,11.84,89.4,3.75,10.16,11.84,0.0,-.002,13.69,0
101,2013,278,41,1010,0.0,2.104,261.8,11.84,89.3,2.75,10.15,11.84,0.0,-.002,13.69,0
101,2013,278,42,1010,0.0,2.042,255,11.85,89.3,3,10.15,11.85,0.0,-.002,13.69,0
101,2013,278,43,1010,0.0,1.667,263.6,11.84,89.3,2.5,10.14,11.84,0.0,-.002,13.7,0
101,2013,278,44,1010,0.0,3.458,253.2,11.83,89.3,5.75,10.13,11.83,0.0,-.002,13.7,0
101,2013,278,45,1010,0.0,3.729,247.5,11.9,89.1,4.5,10.19,11.9,0.0,-.002,13.7,0
101,2013,278,46,1010,0.0,3.042,249.6,11.93,89,5,10.19,11.93,0.0,-.002,13.7,0
101,2013,278,47,1010,0.0,3.25,256.7,11.93,88.9,4.5,10.17,11.93,0.0,-.002,13.7,0
101,2013,278,48,1010,0.0,3.875,258,11.93,88.7,5.5,10.15,11.93,0.0,-.002,13.7,0
101,2013,278,49,1010,0.0,3.396,246.4,11.91,88.6,4.5,10.11,11.91,0.0,-.002,13.69,0
101,2013,278,50,1010,0.0,3.625,244.3,11.9,88.5,4.75,10.09,11.9,0.0,-.002,13.69,0
101,2013,278,51,1010,0.0,4.438,256.7,11.9,88.4,5.5,10.07,11.9,0.0,-.002,13.69,0
101,2013,278,52,1010,0.0,3.396,254.7,11.9,88.4,4.5,10.05,11.9,0.0,-.002,13.69,0
101,2013,278,53,1010,0.0,3.625,241.1,11.91,88.3,5,10.05,11.91,0.0,-.001,13.69,0
101,2013,278,54,1010,0.0,3.604,250.8,11.9,88.3,4.75,10.03,11.9,0.0,-.001,13.7,0
101,2013,278,55,1010,0.0,3.271,251.3,11.9,88.3,5,10.04,11.9,0.0,-.001,13.69,0
101,2013,278,56,1010,0.0,3.479,244.5,11.9,88.4,4.25,10.04,11.9,0.0,-.001,13.7,0
101,2013,278,57,1010,0.0,3.479,250.9,11.9,88.3,4.5,10.04,11.9,0.0,-.001,13.69,0
101,2013,278,58,1010,0.0,4.417,256.1,11.9,88.3,6.25,10.04,11.9,0.0,-.001,13.7,0
101,2013,278,59,1010,0.0,3.646,245.4,11.91,88.3,4.25,10.04,11.91,0.0,-.001,13.69,0
101,2013,278,100,1010,0.0,4.583,246.5,11.9,88.2,6,10.03,11.9,0.0,-.001,13.69,0
101,2013,278,101,1010,0.0,4.375,256.5,11.91,88.2,6.25,10.04,11.91,0.0,-.001,13.69,0
101,2013,278,102,1010,0.0,5.083,247.4,11.93,88.1,7,10.04,11.93,0.0,-.001,13.69,0
101,2013,278,103,1010,0.0,3.479,251.7,11.95,88,5,10.05,11.95,0.0,-.001,13.69,0
101,2013,278,104,1010,0.0,3.167,249.1,11.91,88.1,4,10,11.91,0.0,-.001,13.69,0
101,2013,278,105,1010,0.0,3.875,254,11.91,88.2,5,10.02,11.91,0.0,-.001,13.69,0
101,2013,278,106,1010,0.0,4.896,250.2,11.91,88.2,6,10.03,11.91,0.0,-.001,13.69,0
101,2013,278,107,1010,0.0,4.313,243.8,11.92,88.2,5.5,10.04,11.92,0.0,-.001,13.69,0
101,2013,278,108,1010,0.0,3.938,247.5,11.93,88.2,4.75,10.05,11.93,0.0,-.001,13.69,0
101,2013,278,109,1010,0.0,4.188,238,11.93,88.2,5,10.05,11.93,0.0,-.001,13.69,0
101,2013,278,110,1010,0.0,4.354,242.9,11.92,88.3,6,10.04,11.92,0.0,-.001,13.69,0
101,2013,278,111,1010,0.0,5.125,249.2,11.95,88.2,6.25,10.08,11.95,0.0,-.001,13.69,0
101,2013,278,112,1010,0.0,4.438,255.3,11.98,88.2,5.5,10.1,11.98,0.0,-.001,13.69,0
101,2013,278,113,1010,0.0,3.458,239.3,11.95,88.2,4.5,10.06,11.95,0.0,-.001,13.69,0
101,2013,278,114,1010,0.0,4.271,243.1,11.92,88.2,5.75,10.05,11.92,0.0,-.001,13.69,0
101,2013,278,115,1010,0.0,5,245.3,11.94,88.3,7.5,10.08,11.94,0.0,-.001,13.69,0
101,2013,278,116,1010,0.0,5.333,240,12,88.1,6.5,10.12,12,0.0,-.001,13.69,0
101,2013,278,117,1010,0.0,4.729,246.7,11.99,87.9,5.5,10.07,11.99,0.0,-.001,13.69,0
101,2013,278,118,1010,0.0,3.563,238.6,11.99,87.9,4.5,10.06,11.99,0.0,-.001,13.69,0
101,2013,278,119,1010,0.0,4.333,250,11.98,88,5.75,10.06,11.98,0.0,-.001,13.69,0
101,2013,278,120,1010,0.0,4.354,242.9,11.98,87.9,6.25,10.05,11.98,0.0,-.001,13.69,0
101,2013,278,121,1010,0.0,4.125,244.8,11.99,87.8,5.25,10.05,11.99,0.0,-.001,13.69,0
101,2013,278,122,1010,0.0,4.042,243.3,12.01,87.8,5.25,10.05,12.01,0.0,-.001,13.69,0
101,2013,278,123,1010,0.0,3.625,246.5,12.02,87.7,5.5,10.06,12.02,0.0,-.001,13.69,0
101,2013,278,124,1010,0.0,3.813,250.8,12,87.7,5.5,10.04,12,0.0,-.001,13.69,0
101,2013,278,125,1010,0.0,4.292,245,12,87.7,5.5,10.04,12,0.0,-.001,13.69,0
101,2013,278,126,1010,0.0,4.833,241.4,12.02,87.6,6.5,10.05,12.02,0.0,-.001,13.69,0
101,2013,278,127,1010,0.0,4.875,242.8,12.02,87.6,6.25,10.04,12.02,0.0,-.001,13.69,0
101,2013,278,128,1010,0.0,3.896,232.6,12.02,87.6,4.5,10.03,12.02,0.0,-.001,13.69,0
101,2013,278,129,1010,0.0,3.75,239.2,12.01,87.5,4.25,10.02,12.02,0.0,-.001,13.69,0
101,2013,278,130,1010,0.0,1.813,265.1,12,87.6,3.25,10.01,12,0.0,-.001,13.69,0
101,2013,278,131,1010,0.0,3.313,225.3,11.98,87.6,4.25,10,11.98,0.0,-.001,13.69,0
101,2013,278,132,1010,0.0,4.146,241.6,11.97,87.6,5,9.99,11.97,0.0,-.001,13.69,0
101,2013,278,133,1010,0.0,3.396,223.3,11.98,87.6,5,10,11.98,0.0,-.001,13.69,0
101,2013,278,134,1010,0.0,3.875,242.1,11.97,87.6,4.75,9.99,11.97,0.0,-.001,13.69,0
101,2013,278,135,1010,0.0,3.75,242.9,11.98,87.6,5,9.99,11.98,0.0,-.001,13.69,0
101,2013,278,136,1010,0.0,3.979,239.5,11.97,87.6,4.75,9.99,11.97,0.0,-.001,13.69,0
101,2013,278,137,1010,0.0,2.813,233.6,11.97,87.6,3.5,9.98,11.97,0.0,-.001,13.69,0
101,2013,278,138,1010,0.0,3.083,236.8,11.99,87.6,4.25,10.01,11.99,0.0,-.001,13.69,0
101,2013,278,139,1010,0.0,3.354,238.6,12,87.7,3.75,10.03,12,0.0,-.001,13.69,0
101,2013,278,140,1010,0.0,3.042,240.6,12.01,87.8,4.25,10.05,12.01,0.0,-.001,13.69,0
101,2013,278,141,1010,0.0,3.625,252,12.01,87.8,5,10.06,12.01,0.0,-.001,13.69,0
101,2013,278,142,1010,0.0,3.792,244.9,12,87.9,5,10.06,12,0.0,-.001,13.69,0
101,2013,278,143,1010,0.0,4.125,251.2,12.01,87.8,6,10.07,12.01,0.0,-.001,13.69,0
101,2013,278,144,1010,0.0,5,250,11.99,87.7,6.25,10.04,11.99,0.0,-.001,13.69,0
101,2013,278,145,1010,0.0,5.208,242.8,11.98,87.7,7.25,10.02,11.98,0.0,-.001,13.69,0
101,2013,278,146,1010,0.0,4,242.3,12,87.6,5.75,10.01,12,0.0,-.001,13.69,0
101,2013,278,147,1010,0.0,3.833,249.8,12.01,87.5,5.75,10.01,12.01,0.0,-.001,13.69,0
101,2013,278,148,1010,0.0,4.063,254.5,12.03,87.5,5.5,10.03,12.03,0.0,-.001,13.69,0
101,2013,278,149,1010,0.0,4.458,243.5,12.05,87.5,5.5,10.04,12.05,0.0,-.001,13.69,0
101,2013,278,150,1010,0.0,3.521,238.8,12.06,87.5,4.75,10.06,12.06,0.0,-.001,13.69,0
101,2013,278,151,1010,0.0,4.104,238.2,12.06,87.5,5,10.06,12.06,0.0,-.001,13.69,0
101,2013,278,152,1010,0.0,4.958,242.1,12.05,87.6,7,10.06,12.05,0.0,-.001,13.69,0
101,2013,278,153,1010,0.0,4.979,235.8,12.06,87.5,6,10.07,12.06,0.0,-.001,13.69,0
101,2013,278,154,1010,0.0,5.375,237.5,12.07,87.5,6.75,10.08,12.07,0.0,-.001,13.69,0
101,2013,278,155,1010,0.0,5.208,247.1,12.09,87.4,6.25,10.09,12.09,0.0,-.001,13.69,0
101,2013,278,156,1010,0.0,5.438,239.7,12.07,87.3,7.25,10.05,12.07,0.0,-.001,13.69,0
101,2013,278,157,1010,0.0,5.583,242.6,12.06,87.4,7.75,10.04,12.06,0.0,-.001,13.69,0
101,2013,278,158,1010,0.0,3.979,260.3,12.06,87.4,5.25,10.02,12.06,0.0,-.001,13.69,0
101,2013,278,159,1010,0.0,5.083,244.1,12.07,87.4,6.5,10.05,12.07,0.0,-.001,13.69,0
101,2013,278,200,1010,0.0,5.396,244.8,12.06,87.3,6.75,10.03,12.06,0.0,-.001,13.69,0
101,2013,278,201,1010,0.0,5.313,251.3,12.07,87.2,6.5,10.02,12.07,0.0,-.001,13.69,0
101,2013,278,202,1010,0.0,4.396,236,12.08,87.2,6,10.02,12.08,0.0,-.001,13.69,0
101,2013,278,203,1010,0.0,4.438,244.4,12.06,87.2,5.75,10.01,12.06,0.0,-.001,13.69,0
101,2013,278,204,1010,0.0,4.125,243.6,12.05,87.3,5,10.01,12.05,0.0,-.001,13.69,0
101,2013,278,205,1010,0.0,4.25,236.1,12.06,87.4,5.25,10.02,12.06,0.0,-.001,13.69,0
101,2013,278,206,1010,0.0,3.896,250.8,12.08,87.4,4.75,10.05,12.08,0.0,-.001,13.69,0
101,2013,278,207,1010,0.0,4,245.6,12.09,87.4,5,10.07,12.09,0.0,-.001,13.68,0
101,2013,278,208,1010,0.0,4.208,244.9,12.1,87.4,5.25,10.08,12.1,0.0,-.001,13.68,0
101,2013,278,209,1010,0.0,3.729,252.8,12.08,87.5,5.25,10.07,12.08,0.0,-.001,13.69,0
101,2013,278,210,1010,0.0,3.042,255,12.04,87.5,4.25,10.04,12.04,0.0,-.001,13.69,0
101,2013,278,211,1011,0.0,2.313,251.8,12,87.6,3,10.02,12,0.0,-.001,13.69,0
101,2013,278,212,1011,0.0,3.771,258.3,11.98,87.7,5.25,10.02,11.98,0.0,-.001,13.69,0
101,2013,278,213,1011,0.0,3.313,260.4,11.98,87.7,5.25,10.01,11.98,0.0,-.001,13.69,0
101,2013,278,214,1011,0.0,2.542,253.6,11.97,87.7,4.25,10,11.97,0.0,-.001,13.69,0
101,2013,278,215,1011,0.0,3,258.1,11.97,87.7,4.25,10.01,11.97,0.0,-.001,13.69,0
101,2013,278,216,1011,0.0,2.75,254.4,11.97,87.7,3.75,10.01,11.97,0.0,-.001,13.69,0
101,2013,278,217,1011,0.0,4.354,253.7,11.97,87.7,6,10.01,11.97,0.0,-.001,13.69,0
101,2013,278,218,1011,0.0,3.354,255.6,11.97,87.6,4.75,9.99,11.97,0.0,-.001,13.68,0
101,2013,278,219,1011,0.0,3.833,254.2,12,87.4,4.5,10,12,0.0,-.001,13.69,0
101,2013,278,220,1011,0.0,3.729,253.1,11.99,87.4,4.75,9.98,11.99,0.0,-.001,13.69,0
101,2013,278,221,1011,0.0,3.896,242.7,12.01,87.4,5.25,9.98,12.01,0.0,-.001,13.69,0
101,2013,278,222,1011,0.0,3.875,248.2,12.01,87.3,5.25,9.98,12.01,0.0,-.001,13.69,0
101,2013,278,223,1011,0.0,3.813,248.9,11.99,87.3,6.25,9.95,11.99,0.0,-.001,13.68,0
101,2013,278,224,1011,0.0,3.5,240.5,11.99,87.2,4.25,9.95,11.99,0.0,-.001,13.69,0
101,2013,278,225,1011,0.0,3.458,242.1,11.97,87.3,4.25,9.93,11.97,0.0,-.001,13.69,0
101,2013,278,226,1011,0.0,3.917,254,11.97,87.2,4.75,9.92,11.97,0.0,-.001,13.69,0
101,2013,278,227,1011,0.0,3.5,253,11.98,87.2,4.75,9.92,11.98,0.0,-.001,13.69,0
101,2013,278,228,1011,0.0,3.438,248,11.98,87.1,5.25,9.92,11.98,0.0,-.001,13.69,0
101,2013,278,229,1011,0.0,4.792,259,11.99,87,6.25,9.92,11.99,0.0,-.001,13.68,0
101,2013,278,230,1011,0.0,3.438,265.5,12.03,86.9,4.5,9.93,12.03,0.0,-.001,13.69,0
101,2013,278,231,1011,0.0,3.646,252.9,12.05,86.8,5.25,9.92,12.05,0.0,-.001,13.69,0
101,2013,278,232,1011,0.0,2.688,248.4,12.02,86.7,4,9.89,12.02,0.0,-.001,13.68,0
101,2013,278,233,1011,0.0,3.146,254.1,12.01,86.7,5.5,9.88,12.01,0.0,-.001,13.69,0
101,2013,278,234,1011,0.0,3.708,247.3,12.06,86.6,4.75,9.92,12.06,0.0,-.001,13.69,0
101,2013,278,235,1011,0.0,2.875,249.8,12.09,86.5,3.5,9.91,12.09,0.0,-.001,13.68,0
101,2013,278,236,1011,0.0,3.917,233.6,12.07,86.5,5.5,9.89,12.07,0.0,-.001,13.68,0
101,2013,278,237,1011,0.0,3.5,246.8,12.09,86.3,4.75,9.89,12.09,0.0,-.001,13.69,0
101,2013,278,238,1011,0.0,3.229,241.2,12.09,86.3,4.25,9.89,12.09,0.0,-.001,13.68,0
101,2013,278,239,1011,0.0,2.708,259.6,12.08,86.3,4,9.87,12.08,0.0,-.001,13.69,0
101,2013,278,240,1011,0.0,2.458,254.6,12.05,86.4,4,9.85,12.05,0.0,-.001,13.68,0
101,2013,278,241,1011,0.0,3.583,252.2,12.04,86.5,5.25,9.86,12.04,0.0,-.001,13.68,0
101,2013,278,242,1011,0.0,4.396,252,12.07,86.4,5.75,9.89,12.07,0.0,-.001,13.69,0
101,2013,278,243,1011,0.0,3.396,251.7,12.08,86.4,5,9.89,12.08,0.0,-.001,13.69,0
101,2013,278,244,1011,0.0,3.583,223.3,12.03,86.5,5,9.85,12.03,0.0,-.001,13.69,0
101,2013,278,245,1011,0.0,4.167,234.1,11.98,86.7,6,9.82,11.98,0.0,-.001,13.68,0
101,2013,278,246,1011,0.0,3.875,230.2,11.97,86.8,5.75,9.84,11.97,0.0,-.001,13.69,0
101,2013,278,247,1011,0.0,3.042,252.4,11.97,86.9,3.75,9.87,11.97,0.0,-.001,13.68,0
101,2013,278,248,1011,0.0,3.521,239.7,11.99,87.1,5.25,9.91,11.99,0.0,-.001,13.69,0
101,2013,278,249,1011,0.0,4.354,239.1,11.99,87.2,5.5,9.94,11.99,0.0,-.001,13.68,0
101,2013,278,250,1011,0.0,3.563,247.9,12.02,87.3,4.75,9.98,12.02,0.0,-.001,13.69,0
101,2013,278,251,1011,0.0,3.938,232,12,87.5,5.25,9.98,12,0.0,-.001,13.69,0
101,2013,278,252,1011,0.0,3.021,241.6,11.98,87.5,4,9.98,11.98,0.0,-.001,13.69,0
101,2013,278,253,1011,0.0,4.167,235.8,11.92,87.6,5.25,9.94,11.92,0.0,-.001,13.68,0
101,2013,278,254,1011,0.0,3.75,240.5,11.89,87.8,5,9.93,11.89,0.0,-.001,13.69,0
101,2013,278,255,1011,0.0,3.604,246.5,11.91,87.9,5,9.96,11.91,0.0,-.001,13.69,0
101,2013,278,256,1011,0.0,4.167,238.7,11.9,88,4.75,9.98,11.9,0.0,-.001,13.69,0
101,2013,278,257,1011,0.0,3.917,232.9,11.9,88,5.25,9.99,11.9,0.0,-.001,13.69,0
101,2013,278,258,1011,0.0,3.063,242.1,11.92,88.1,4.25,10.01,11.92,0.0,-.001,13.69,0
101,2013,278,259,1011,0.0,3.563,235.1,11.9,88.2,4.25,10.01,11.9,0.0,-.001,13.69,0
101,2013,278,300,1011,0.0,3.688,235.8,11.86,88.3,4.5,9.99,11.86,0.0,-.001,13.69,0
101,2013,278,301,1011,0.0,3.188,235.2,11.83,88.4,4,9.97,11.83,0.0,-.001,13.69,0
101,2013,278,302,1011,0.0,3.208,232.7,11.83,88.4,4.75,9.98,11.83,0.0,-.001,13.69,0
101,2013,278,303,1011,0.0,3.021,225.4,11.84,88.5,4.25,10.01,11.84,0.0,-.002,13.69,0
101,2013,278,304,1011,0.0,3.563,236.5,11.84,88.6,5.25,10.03,11.84,0.0,-.002,13.69,0
101,2013,278,305,1011,0.0,3.042,244.6,11.84,88.7,4.25,10.04,11.84,0.0,-.002,13.69,0
101,2013,278,306,1011,0.0,2.854,238.7,11.82,88.7,4.5,10.03,11.82,0.0,-.002,13.69,0
101,2013,278,307,1011,0.0,3.313,230.7,11.8,88.7,4,10,11.8,0.0,-.002,13.69,0
101,2013,278,308,1011,0.0,3.396,234.4,11.78,88.7,4.25,9.99,11.78,0.0,-.002,13.69,0
101,2013,278,309,1011,0.0,2.792,235.8,11.75,88.8,3.5,9.96,11.75,0.0,-.002,13.69,0
101,2013,278,310,1011,0.0,2.833,230.6,11.76,88.8,3.25,9.98,11.76,0.0,-.002,13.69,0
101,2013,278,311,1011,0.0,3,244.7,11.71,89,3.5,9.96,11.71,0.0,-.002,13.69,0
101,2013,278,312,1011,0.0,2.688,242.9,11.69,89.1,3.25,9.95,11.69,0.0,-.002,13.69,0
101,2013,278,313,1011,0.0,2.604,221.5,11.66,89.2,3.25,9.94,11.66,0.0,-.002,13.69,0
101,2013,278,314,1011,0.0,2.729,229.3,11.66,89.3,3.5,9.97,11.67,0.0,-.002,13.69,0
101,2013,278,315,1011,0.0,2.917,244.2,11.67,89.4,3.5,9.99,11.67,0.0,-.002,13.69,0
101,2013,278,316,1011,0.0,2.375,241.1,11.66,89.5,3,9.98,11.66,0.0,-.002,13.69,0
101,2013,278,317,1011,0.0,2,235.4,11.61,89.4,3,9.94,11.61,0.0,-.002,13.69,0
101,2013,278,318,1011,0.0,2.208,233.6,11.6,89.5,2.75,9.94,11.6,0.0,-.002,13.69,0
101,2013,278,319,1011,0.0,1.667,235.4,11.59,89.6,2,9.94,11.59,0.0,-.002,13.69,0
101,2013,278,320,1011,0.0,1.938,233.1,11.56,89.7,2.5,9.93,11.56,0.0,-.002,13.69,0
101,2013,278,321,1011,0.0,2.229,238.7,11.57,89.8,2.75,9.96,11.57,0.0,-.002,13.69,0
101,2013,278,322,1011,0.0,2.25,232.9,11.57,90,3,9.98,11.57,0.0,-.002,13.69,0
101,2013,278,323,1011,0.0,2.646,235.8,11.57,90.1,3.25,10,11.57,0.0,-.002,13.7,0
101,2013,278,324,1011,0.0,2.188,241.9,11.55,90,3.25,9.98,11.55,0.0,-.002,13.69,0
101,2013,278,325,1011,0.0,2.25,241.8,11.51,90.1,2.75,9.95,11.51,0.0,-.002,13.7,0
101,2013,278,326,1011,0.0,1.896,237.3,11.5,90.3,2.5,9.96,11.5,0.0,-.002,13.69,0
101,2013,278,327,1011,0.0,2.021,226.3,11.49,90.4,2.5,9.97,11.49,0.0,-.002,13.69,0
101,2013,278,328,1012,0.0,2.708,234.8,11.48,90.6,3.5,9.99,11.48,0.0,-.002,13.7,0
101,2013,278,329,1012,0.0,3.458,248.2,11.52,90.7,4.5,10.06,11.52,0.0,-.002,13.7,0
101,2013,278,330,1012,0.0,3.917,236.9,11.53,90.7,5.25,10.08,11.53,0.0,-.002,13.7,0
101,2013,278,331,1012,0.0,3.146,237.3,11.54,90.7,4.5,10.08,11.54,0.0,-.002,13.7,0
101,2013,278,332,1012,0.0,2.833,246.3,11.51,90.7,3.5,10.04,11.51,0.0,-.002,13.7,0
101,2013,278,333,1012,0.0,3.104,244.8,11.52,90.8,4.25,10.07,11.52,0.0,-.002,13.7,0
101,2013,278,334,1012,0.0,2.458,244.8,11.53,90.8,3.5,10.09,11.53,0.0,-.002,13.69,0
101,2013,278,335,1012,0.0,3.438,235,11.53,90.9,4.25,10.1,11.53,0.0,-.002,13.7,0
101,2013,278,336,1012,0.0,2.813,226.5,11.54,90.9,4,10.12,11.54,0.0,-.002,13.7,0
101,2013,278,337,1012,0.0,2.5,244.1,11.52,90.9,4.25,10.09,11.52,0.0,-.002,13.7,0
101,2013,278,338,1012,0.0,3.188,235.5,11.54,90.9,4.25,10.11,11.54,0.0,-.002,13.7,0
101,2013,278,339,1012,0.0,2.729,243.8,11.51,90.9,3,10.09,11.51,0.0,-.002,13.7,0
101,2013,278,340,1012,0.0,2.708,241.2,11.51,91,3.25,10.1,11.51,0.0,-.002,13.7,0
101,2013,278,341,1012,0.0,2.667,229.5,11.51,91,3.5,10.11,11.51,0.0,-.002,13.7,0
101,2013,278,342,1012,0.0,2.542,233.8,11.49,91,4.25,10.09,11.49,0.0,-.002,13.7,0
101,2013,278,343,1012,0.0,2.25,229.7,11.47,91,3.5,10.06,11.47,0.0,-.002,13.7,0
101,2013,278,344,1012,0.0,2.333,237.5,11.44,91.1,2.75,10.04,11.44,0.0,-.002,13.7,0
101,2013,278,345,1012,0.0,2.104,240.4,11.44,91.2,3,10.05,11.44,0.0,-.002,13.7,0
101,2013,278,346,1012,0.0,2.125,237.9,11.42,91.2,2.75,10.04,11.42,0.0,-.001,13.7,0
101,2013,278,347,1012,0.0,1.896,232,11.37,91.3,2.25,10,11.37,0.0,-.001,13.7,0
101,2013,278,348,1012,0.0,2.25,230.1,11.37,91.5,3.5,10.03,11.37,0.0,-.001,13.7,0
101,2013,278,349,1012,0.0,2.417,240.3,11.37,91.6,3,10.05,11.37,0.0,-.001,13.7,0
101,2013,278,350,1012,0.0,1.583,231.7,11.38,91.7,2,10.08,11.38,0.0,-.001,13.7,0
101,2013,278,351,1012,0.0,1.333,222.7,11.38,91.8,2,10.09,11.38,0.0,-.001,13.7,0
101,2013,278,352,1012,0.0,2.396,235,11.37,91.9,3.75,10.1,11.37,0.0,-.001,13.7,0
101,2013,278,353,1012,0.0,2.229,239.1,11.37,92,2.75,10.11,11.37,0.0,-.001,13.7,0
101,2013,278,354,1012,0.0,1.75,244.7,11.38,91.9,2.25,10.12,11.38,0.0,-.001,13.7,0
101,2013,278,355,1012,0.0,1.521,249.4,11.37,91.9,2,10.11,11.37,0.0,-.001,13.7,0
101,2013,278,356,1012,0.0,1.958,240.1,11.37,92,2.5,10.12,11.37,0.0,-.001,13.7,0
101,2013,278,357,1012,0.0,2.021,231.4,11.37,92,2.5,10.12,11.37,0.0,-.001,13.7,0
101,2013,278,358,1012,0.0,2.125,238.5,11.36,92,2.75,10.12,11.36,0.0,-.001,13.7,0
101,2013,278,359,1012,0.0,2.521,223.5,11.37,92,3,10.13,11.37,0.0,-.001,13.7,0
101,2013,278,400,1012,0.0,1.833,211.9,11.35,92.1,3.25,10.11,11.35,0.0,-.001,13.7,0
101,2013,278,401,1012,0.0,1.625,226,11.33,92,2.25,10.09,11.33,0.0,-.001,13.7,0
101,2013,278,402,1012,0.0,1.708,222,11.28,92.1,2.5,10.05,11.28,0.0,-.001,13.7,0
101,2013,278,403,1012,0.0,2.354,209.7,11.31,92.2,3.75,10.09,11.31,0.0,-.001,13.7,0
101,2013,278,404,1012,0.0,2.167,220.4,11.31,92.2,2.75,10.09,11.31,0.0,-.001,13.7,0
101,2013,278,405,1012,0.0,2.167,225,11.29,92.2,3,10.07,11.29,0.0,-.001,13.7,0
101,2013,278,406,1012,0.0,2.354,200.9,11.29,92.3,3.25,10.08,11.29,0.0,-.001,13.7,0
101,2013,278,407,1012,0.0,3.146,223.7,11.35,92.4,4.25,10.17,11.35,0.0,-.001,13.7,0
101,2013,278,408,1012,0.0,3.104,227.4,11.37,92.3,3.75,10.18,11.37,0.0,-.001,13.7,0
101,2013,278,409,1012,0.0,2.438,220.8,11.37,92.2,2.75,10.17,11.37,0.0,-.001,13.7,0
101,2013,278,410,1012,0.0,2.938,244.8,11.37,92.2,3.5,10.16,11.37,0.0,-.001,13.7,0
101,2013,278,411,1012,0.0,2.021,229.9,11.38,92.2,2.75,10.16,11.38,0.0,-.001,13.7,0
101,2013,278,412,1012,0.0,2.396,229.9,11.39,92.2,3.5,10.17,11.39,0.0,-.001,13.7,0
101,2013,278,413,1012,0.0,3.333,229.4,11.43,92.2,4.5,10.22,11.43,0.0,-.001,13.7,0
101,2013,278,414,1012,0.0,2.958,238.7,11.44,92.1,3.75,10.22,11.44,0.0,-.001,13.7,0
101,2013,278,415,1012,0.0,2.75,233.4,11.44,92.1,3.25,10.21,11.44,0.0,-.001,13.69,0
101,2013,278,416,1012,0.0,2.479,238.2,11.44,92.1,2.75,10.21,11.44,0.0,-.001,13.69,0
101,2013,278,417,1012,0.0,2.875,229.6,11.44,92,4.25,10.21,11.44,0.0,-.001,13.69,0
101,2013,278,418,1012,0.0,2.333,227.9,11.45,92,3.5,10.21,11.45,0.0,-.001,13.7,0
101,2013,278,419,1012,0.0,2.917,241.1,11.47,91.9,3.5,10.22,11.47,0.0,-.001,13.69,0
101,2013,278,420,1012,0.0,3.333,228.4,11.49,91.8,4.25,10.22,11.49,0.0,-.001,13.7,0
101,2013,278,421,1012,0.0,2.917,229.1,11.5,91.7,4,10.21,11.5,0.0,-.001,13.69,0
101,2013,278,422,1012,0.0,2.792,236.2,11.5,91.6,3.5,10.2,11.5,0.0,-.001,13.7,0
101,2013,278,423,1012,0.0,3.583,239.7,11.51,91.5,4.5,10.19,11.51,0.0,-.001,13.69,0
101,2013,278,424,1012,0.0,2.813,238.2,11.51,91.4,4.25,10.18,11.51,0.0,-.001,13.69,0
101,2013,278,425,1012,0.0,3.104,232.9,11.51,91.3,4.5,10.16,11.51,0.0,-.001,13.69,0
101,2013,278,426,1012,0.0,2.771,243.5,11.54,91.2,3.5,10.18,11.54,0.0,-.001,13.7,0
101,2013,278,427,1012,0.0,2.313,227,11.55,91.1,3.25,10.17,11.55,0.0,-.001,13.69,0
101,2013,278,428,1012,0.0,2.875,233.8,11.54,91,3.75,10.15,11.54,0.0,-.001,13.69,0
101,2013,278,429,1012,0.0,3.375,248.9,11.57,90.8,5,10.15,11.57,0.0,-.001,13.69,0
101,2013,278,430,1012,0.0,3.333,267.4,11.59,90.6,4.5,10.13,11.59,0.0,-.001,13.69,0
101,2013,278,431,1012,0.0,2.021,237,11.61,90.4,2.5,10.12,11.61,0.0,-.001,13.69,0
101,2013,278,432,1012,0.0,3.396,234.2,11.62,90.2,4.75,10.1,11.62,0.0,-.001,13.69,0
101,2013,278,433,1012,0.0,2.813,255.9,11.64,90.1,3.75,10.09,11.64,0.0,-.001,13.7,0
101,2013,278,434,1012,0.0,3.708,232.9,11.65,89.9,4.75,10.07,11.65,0.0,-.001,13.69,0
101,2013,278,435,1012,0.0,3.979,238.9,11.65,89.8,6.5,10.05,11.65,0.0,-.001,13.69,0
101,2013,278,436,1012,0.0,3.625,251.3,11.66,89.6,4.5,10.03,11.66,0.0,-.001,13.69,0
101,2013,278,437,1012,0.0,3.917,237.6,11.66,89.5,5.5,10.01,11.66,0.0,-.001,13.69,0

